0.012067,0.0096856,0.014659,0.01712,0.018328,0.012896,0.024342
-0.0060514,0.0035711,0.0051889,-0.00096388,0.0052545,-0.0010638,-0.0028454
-0.060773,-0.056833,-0.059685,-0.073864,-0.071229,-0.056695,-0.064123
-0.0071475,0.0023952,0.003348,-0.00097829,0.0085228,0.0014833,-0.0052333
-0.043812,-0.05048,-0.050253,-0.060152,-0.058063,-0.043385,-0.051102
-0.010464,-0.005305,-0.01368,-0.014338,-0.007417,-0.0064525,-0.0086754
-0.0087943,-0.017042,-0.019036,-0.022793,-0.008308,-0.014492,-0.015882
-0.0214,-0.019472,-0.018652,-0.029752,-0.021185,-0.026038,-0.029398
-0.020619,-0.020485,-0.018406,-0.016321,-0.010109,-0.0093204,-0.015411
0.0059148,0.011104,0.011648,0.011874,0.014548,0.021028,0.026838
-0.018411,-0.011199,-0.012471,-0.013342,-0.0091923,-0.010097,-0.013717
-0.0098637,0.0015161,0.0009141,0.0037203,0.0022975,0.010009,0.0037157
-0.052927,-0.055985,-0.063086,-0.060985,-0.067798,-0.046553,-0.053303
-0.063112,-0.064405,-0.067679,-0.075632,-0.071319,-0.061999,-0.064705
-0.059609,-0.058563,-0.060192,-0.064808,-0.063751,-0.053945,-0.06224
-0.017161,-0.011196,-0.015141,-0.014733,-0.011955,-0.0089808,-0.0088925
-0.059032,-0.062586,-0.068093,-0.071923,-0.070344,-0.058902,-0.06103
-0.033537,-0.031908,-0.031928,-0.05001,-0.042021,-0.038341,-0.044977
-0.01663,-0.0164,-0.01374,-0.017914,-6.2278e-06,-0.0048076,-0.013177
0.0097871,0.0018837,-0.0034686,-0.0014197,0.011238,0.005021,-0.00017413
-0.060386,-0.062006,-0.067971,-0.066907,-0.072238,-0.054057,-0.061719
0.0205,0.02313,0.023775,0.031735,0.027763,0.02544,0.023224
-0.012526,-0.020767,-0.018552,-0.021766,-0.0077282,-0.0050618,-0.013417
-0.04589,-0.038855,-0.039058,-0.052564,-0.046666,-0.042547,-0.039355
0.0021625,-0.0028485,0.0020513,0.0019007,0.0015929,0.0088292,0.012711
0.0010853,-0.0028618,-0.0046087,-0.0073521,-0.0045795,-0.0015436,-0.0030254
0.015131,0.0067498,0.0052706,0.00088815,0.0035797,0.0081953,0.0090265
-0.030129,-0.024618,-0.024764,-0.029295,-0.034108,-0.025292,-0.019124
-0.0095776,-0.013669,-0.011261,-0.017277,-0.015694,-0.011851,-0.0086825
-0.045089,-0.047952,-0.050435,-0.059826,-0.060898,-0.050926,-0.056686
0.015642,0.008582,0.0074936,0.0019199,0.0058823,0.0071166,0.0060498
-0.048674,-0.051327,-0.058018,-0.063717,-0.066526,-0.051748,-0.065063
0.0085802,-0.00021304,0.0031783,0.0074357,0.010719,0.00398,0.0042887
-0.0037932,-0.0043551,3.3622e-05,-0.0045658,0.00070832,0.0076822,0.00060974
0.0080738,0.0032243,-0.0016607,4.5146e-05,0.0045513,0.010214,0.013779
0.0006923,0.0010078,0.0012436,-0.0016293,0.002291,0.016259,0.0036819
0.0055019,0.0022768,0.0085172,0.010972,0.013056,0.0095069,0.014799
0.0046627,0.0016736,0.001168,0.0039933,0.0082881,0.012754,0.015397
0.00088937,0.0024376,0.0065925,0.00078945,-0.00015412,0.0012514,0.0041572
-0.0052099,-0.00076342,-0.0045486,-0.0010239,-0.00027808,-0.001247,-0.0022111
0.0047406,0.0064625,-0.00020272,0.00028258,0.0043135,0.0096799,0.0063526
0.0013937,-0.0022362,-0.002508,-0.0079161,-0.0047306,0.0011498,-0.0053067
0.011543,0.0052059,0.0088629,0.0042396,0.0064118,0.012216,0.0085659
0.0058219,0.00057814,0.0041651,0.007259,0.010641,0.014105,0.016829
-0.032821,-0.027125,-0.027921,-0.037721,-0.034436,-0.032646,-0.027336
-0.014442,-0.0050528,-0.0044928,-0.0096012,-0.0077797,-0.01171,-0.012185
-0.0035859,-0.0083529,-0.0080918,-0.0089658,-0.0062626,-0.0016378,-0.0035981
0.0084819,0.00038011,0.0024418,0.00052094,-0.0016152,0.0016627,0.0019499
0.0049478,-0.0022041,-0.00043907,-0.0049528,-0.004029,0.0023908,-0.0028337
0.0072914,0.0059052,0.0028504,0.0013332,-0.00041813,0.0040113,-0.0016167
0.0014907,0.0061942,0.0034329,0.00037605,0.0011202,0.0043864,-0.0016505
0.0074503,0.00075142,-0.0015595,-0.0039773,-0.0018282,0.003009,0.0052623
-0.022632,-0.01961,-0.022181,-0.024301,-0.025912,-0.023873,-0.015753
0.02162,0.013875,0.021667,0.02316,0.017041,0.022435,0.022677
0.012527,0.006949,0.012114,0.013065,0.010999,0.017012,0.021537
0.0038661,-4.4546e-06,-0.001923,0.0017981,-0.0034671,0.0013902,-0.0015751
0.0039921,0.005034,0.0036624,0.0066504,0.011036,0.0062324,0.0069422
-0.011235,-0.01208,-0.0089718,-0.015667,-0.016247,-0.0091027,-0.014334
0.0098724,0.01071,0.012065,0.016284,0.011157,0.016942,0.017829
0.0032625,-0.0012292,-0.0010367,0.0075128,0.0062728,0.0078271,0.0076887
0.0018861,0.0010651,0.00027722,0.0016487,0.0013794,0.003999,0.0054169
0.0016252,0.0028541,0.0016397,0.0064875,0.00098624,0.0078535,0.0073697
0.040256,0.043128,0.040313,0.046988,0.042074,0.035569,0.046268
0.00050742,0.01287,0.0080886,0.012203,0.010736,0.015686,0.022648
0.050816,0.05117,0.049987,0.059589,0.054445,0.044248,0.053487
0.0076301,0.011483,0.012692,0.01826,0.014201,0.022453,0.022356
0.031751,0.036227,0.034454,0.041716,0.032227,0.030906,0.035835
0.012659,0.013011,0.011392,0.014688,0.017903,0.013723,0.020002
0.018509,0.014247,0.013386,0.014202,0.016285,0.019889,0.023185
0.010443,0.0036632,0.0038586,0.0086254,0.010754,0.01564,0.020453
0.045307,0.045614,0.046026,0.047452,0.041433,0.04212,0.046185
0.033942,0.037296,0.034272,0.037296,0.038763,0.030877,0.038536
0.013417,0.0093068,0.011131,0.013013,0.009524,0.011066,0.010283
0.014733,0.012877,0.014684,0.023772,0.011115,0.012814,0.023191
0.022668,0.028042,0.022047,0.026882,0.016321,0.01634,0.013793
0.04318,0.053941,0.055139,0.064321,0.057008,0.040463,0.049062
0.039124,0.038441,0.042248,0.049942,0.040479,0.035277,0.040465
0.0030256,0.0050598,0.012866,0.022357,0.017041,0.010709,0.016076
0.0112,0.012336,0.015817,0.018206,0.018463,0.019042,0.018585
0.019992,0.021304,0.025421,0.033154,0.028113,0.021186,0.018627
0.03874,0.033919,0.036957,0.039407,0.039468,0.024935,0.023586
0.023445,0.031177,0.026133,0.028719,0.027812,0.010401,0.001545
0.011852,0.0059283,0.0081154,0.011302,0.0055895,0.0078058,0.0082704
0.014058,0.011303,0.013357,0.012519,0.014882,0.0010571,0.0043189
-0.024437,-0.021933,-0.027544,-0.028462,-0.033777,-0.030921,-0.034376
-0.00081996,0.0046025,-0.0037753,0.00061667,-0.0052354,-0.0091408,-0.021181
0.0038095,0.0068606,0.0083851,0.015658,0.0051366,0.0065609,0.0069173
0.011411,0.012989,0.010124,0.0081145,0.0068221,0.0053419,0.0018445
0.015879,0.0097964,0.010405,0.0012903,0.0017617,0.0013169,0.0011142
0.012009,0.011067,0.008252,0.0053573,0.0045944,0.0052152,0.0030265
0.0051217,0.0042364,0.0031227,0.00030462,0.0066175,0.0062479,0.0068145
0.0041123,0.0034005,0.00041892,8.8349e-05,0.0042085,0.00303,0.0075605
0.0056665,0.0037828,0.00067079,-0.0012603,-0.0018626,0.0027653,0.0074236
0.0041874,9.4733e-07,-0.00097216,0.0041895,-0.0038837,-0.00040864,0.004275
0.0068663,0.008912,0.0004478,-0.00027534,0.0059405,0.0039322,0.0031381
0.0068689,0.0067277,0.0026642,0.0011733,0.0034173,0.0027574,0.0052037
0.030795,0.029209,0.031336,0.032075,0.02934,0.026031,0.031733
0.042627,0.047501,0.044235,0.052327,0.045896,0.038286,0.049986
0.015152,0.018047,0.028151,0.034704,0.020903,0.029026,0.028988
0.040603,0.046277,0.036168,0.047435,0.03598,0.028377,0.027706
0.030136,0.031547,0.024787,0.025158,0.022559,0.020644,0.026838
0.017727,0.019381,0.020562,0.027779,0.02937,0.024056,0.022434
0.049658,0.053634,0.053631,0.059882,0.058605,0.03752,0.041221
0.040347,0.034454,0.037351,0.035268,0.032757,0.033449,0.040126
0.051526,0.050858,0.046659,0.056433,0.052377,0.041048,0.045287
0.042193,0.048173,0.050589,0.059182,0.052697,0.043188,0.042899
0.045323,0.050274,0.051205,0.059412,0.052904,0.04081,0.043762
0.0060548,0.0075001,0.0059501,0.0034786,0.0045336,0.0033641,0.014135
0.0058609,0.0079793,0.0091641,0.0065707,0.0090215,0.0086229,0.015879
0.008406,0.0079098,0.0064195,0.0070126,0.0070837,0.0077937,0.014728
0.0030673,0.0036769,-0.0036407,-0.0011726,0.0012185,-0.0099983,-0.010428
-0.0079012,-0.0095585,-0.0087202,-0.0060614,-0.0090948,-0.011882,-0.013346
-0.0092601,-0.010683,-0.0031766,-0.0049664,-0.015614,-0.012706,-0.015606
-0.0017237,-0.0036036,-0.0041039,-0.00026848,-0.0060856,-0.0039847,-0.0072234
-0.0094206,-0.0035788,-0.0044297,-0.0047054,-0.011188,-0.01348,-0.022984
0.00010881,0.0012988,-0.0010467,0.0014039,-0.0058928,-0.0073569,-0.0081449
0.0066165,0.0075585,0.013929,0.013541,0.0057788,-0.00336,-0.01308
0.0096271,0.010704,0.012022,0.020102,0.019251,0.0090322,0.0070451
0.0047767,-0.0051769,0.00052631,0.0078974,0.0040877,-0.00060128,-0.0022851
0.0052294,0.00090058,-0.0030294,0.0018446,0.0019166,0.0030986,-0.0022632
0.0048673,0.0017708,-0.0024128,-0.00029245,0.0030256,0.0012328,-0.0020743
-0.0022937,-0.0029305,-0.00056569,0.0010328,0.0028251,0.0007013,-0.00083626
-0.0028136,-0.0064037,-0.0060924,0.0004004,0.00030799,-0.0024274,-0.0038608
0.00035533,-0.0030636,0.0040761,-0.0017178,-0.00038527,-0.0021078,0.0094524
0.0026071,0.00079398,0.0028932,-0.0032147,-0.001643,0.0023115,0.012118
0.011633,0.0056061,0.0084809,0.0151,0.012938,0.0064523,0.018444
0.0018786,0.00039249,-0.0040135,-0.0019056,7.0998e-05,-3.5366e-05,-0.0025621
0.002877,-0.00087681,-0.0037069,0.0058864,0.0068606,0.0075398,0.010238
6.5117e-06,-0.0018725,-0.0008475,0.00057529,0.0015166,0.0026509,0.0085941
0.0032879,0.0097205,0.01261,0.0047082,0.013809,0.0076088,0.0142
0.0085467,0.0089928,0.0022815,0.0050081,0.013913,0.011768,0.0096741
-0.00019601,0.0015309,-0.0015309,0.0034843,0.0039357,0.0066858,0.0036643
0.0076964,0.0068319,0.0038922,0.00097406,0.010001,0.005817,0.0010135
0.0053145,-0.0002961,0.00023238,-0.0019235,0.0045625,0.0038329,0.0031737
0.0042433,0.0052726,0.0019727,0.0033772,0.0057668,0.006309,-0.0034131
0.0058557,0.0041892,0.00041275,7.6504e-05,0.0062743,0.0068672,0.0025901
0.0083088,0.0091839,0.003993,0.0052807,0.010741,0.011427,0.002327
0.0074358,0.0062993,3.122e-05,0.0056097,0.0096285,0.010778,0.010435
0.0084328,0.0090248,0.0035084,0.0024485,0.010224,0.0085834,0.0042893
0.0086048,0.0067576,-0.00032157,0.0036366,0.0092655,0.0089495,0.007321
0.0010569,0.0055012,0.00064474,0.000568,0.0030174,0.0079689,-0.00017706
0.0017914,0.0022034,-0.0012441,0.00016011,0.005796,0.010737,0.0034774
0.0084408,0.0058607,0.0020901,0.001547,0.013128,0.007637,0.0025956
0.0074998,-0.0034585,-0.0045258,-0.0034201,-0.0028186,-0.0094136,-0.016088
-0.021848,-0.016503,-0.017501,-0.0072829,-0.015662,-0.022463,-0.014053
7.1803e-05,-0.0071775,-0.0047076,-0.0070127,-0.0074254,-0.014305,-0.015737
0.0086043,0.0030535,-0.0019094,0.0029502,-0.0019105,0.00018852,-0.0067489
0.0045805,-0.00021085,-0.00035884,0.0008266,0.00098864,0.0062954,0.00069553
0.0058019,-0.0033461,-0.0025814,-0.0060005,-0.003456,-0.010702,-0.016915
0.00025832,-0.0050278,-0.0035682,-0.0028939,-0.0018392,-0.003921,-0.0046494
0.0054337,-0.0017083,-0.0096396,-0.0010113,-0.0060216,-0.0075763,-0.016972
-0.00042901,-0.0092857,-0.0067615,-0.0044356,-0.0033156,-0.010315,-0.014244
0.009854,0.0053455,-0.0012146,0.0015491,0.0038065,0.00088703,-0.0044389
-0.0099354,-0.012311,-0.016138,-0.013882,-0.012337,-0.018509,-0.020781
0.0073491,0.006362,-0.0024067,0.0045703,0.00093868,0.0022702,-0.0011223
0.0060131,0.0035947,-0.00034084,0.0020753,0.0057573,0.0030845,-0.0045349
0.014212,0.01312,0.012166,0.007366,0.010626,0.014699,0.0081534
0.010796,0.010457,0.0048502,0.0062275,0.010686,0.011275,0.0033084
0.010515,0.007388,0.01127,0.007558,0.0054258,0.011345,0.010878
0.0036696,0.00069568,0.00011905,-0.0011697,0.0030848,0.0043572,-0.00043693
0.014783,0.013769,0.010972,0.0081097,0.012794,0.012596,0.0092939
0.0096404,0.011069,0.0054578,0.0071497,0.010065,0.0090629,0.0056926
0.006846,0.0021334,0.0023499,0.0048954,0.0059404,0.0060947,0.0033929
-0.02735,-0.021395,-0.02161,-0.031936,-0.023522,-0.023517,-0.027434
-0.033033,-0.029975,-0.025573,-0.032206,-0.0302,-0.023878,-0.025021
-0.03113,-0.026684,-0.023498,-0.027509,-0.027676,-0.01894,-0.021983
0.0049411,0.003931,-0.0065018,-0.0022083,-0.0017871,-0.00055396,-0.002381
-0.036162,-0.026735,-0.022951,-0.034146,-0.030097,-0.022907,-0.026916
0.0044504,-0.0016153,-0.0063091,-0.0041697,-0.005131,-0.0026362,-0.014548
0.00061202,-0.0054505,-0.0053518,-0.0097174,-0.008283,-0.0017196,-0.012554
-0.012809,-0.008869,-0.0091719,-0.0087698,-0.016702,-0.0073324,-0.01326
-0.0014035,-0.0011189,-0.0017833,0.00071865,-0.0025809,0.0005391,-0.0028581
-0.012872,-0.016191,-0.015469,-0.013691,-0.019867,-0.013067,-0.015968
-0.0052735,-0.0064735,-0.0078258,-0.0065478,-0.0077367,-0.0061166,-0.009091
-0.013809,-0.012804,-0.0095691,-0.0012066,-0.011604,-0.0067372,-0.01031
-0.028363,-0.02722,-0.021413,-0.027807,-0.023458,-0.021738,-0.024301
-0.010428,-0.0028417,-0.0049173,-0.0051708,-0.012354,-0.0045528,-4.3912e-05
-0.027031,-0.021438,-0.017617,-0.014523,-0.026363,-0.015508,-0.01153
-0.0017181,7.8476e-06,-0.0056251,-0.0009854,-0.0019107,0.0031907,0.004204
-0.0050303,-0.0050239,-0.0017776,0.01218,0.0034597,0.0022616,0.010976
-0.029485,-0.025244,-0.021787,-0.026099,-0.030224,-0.022342,-0.023562
0.00028257,-0.0010767,-0.0051766,-0.0026939,-0.0004665,-0.0013847,-0.0079348
-0.010638,-0.0069583,-0.006087,0.0045823,-0.012702,-0.0069613,-0.0074613
0.0065691,0.0048218,0.003751,0.0039965,0.0045512,-0.0012407,0.0012511
0.0014259,0.0098728,0.006045,0.017344,0.0093638,0.002098,0.0080413
-0.025336,-0.020977,-0.019352,-0.014405,-0.016754,-0.016331,-0.0029017
-0.023759,-0.016209,-0.013274,-0.010573,-0.01559,-0.01163,0.0044202
-0.011835,-0.0055635,-0.0068918,-0.011808,-0.016627,-0.0016424,-0.005802
0.011598,0.0077409,0.013885,0.0072158,0.0088401,0.01089,0.0008363
1.9296e-05,-0.0068254,0.0002972,-0.0044774,-0.0068976,-0.0039979,0.0065653
0.0024303,0.0019562,0.0075543,0.0012884,0.00095122,0.0050924,0.0088244
0.015327,0.012648,0.013104,0.0074285,0.011796,0.016938,0.0074712
0.0065289,0.0074521,0.0071693,0.0021077,0.0048023,0.0028348,-0.0028159
-0.001021,0.0061383,0.0075962,0.014645,0.0087878,-0.0035504,0.0034506
0.015617,0.012542,0.016107,0.0073891,0.0098205,0.013707,0.013618
0.010734,0.012269,0.012975,0.012513,0.01078,0.0097288,0.010074
0.006755,0.0078744,0.0053124,0.0050046,0.0059673,0.0033997,0.0085328
0.0093567,0.0090752,0.016032,0.0065115,0.011046,0.011202,0.010139
-0.0017609,-0.00037214,0.0050378,0.0073059,0.0028301,-0.0012191,0.0082741
-0.05132,-0.056774,-0.057809,-0.055232,-0.059155,-0.050419,-0.057116
-0.027879,-0.03222,-0.04029,-0.039177,-0.034558,-0.029025,-0.031866
-0.043424,-0.048716,-0.05248,-0.052907,-0.048491,-0.050363,-0.057691
-0.051151,-0.052124,-0.05895,-0.055297,-0.060269,-0.050104,-0.050209
-0.040414,-0.04596,-0.046784,-0.049195,-0.045648,-0.039922,-0.044862
-0.0038057,-0.017187,-0.017505,-0.020841,-0.0073619,-0.0044093,-0.011464
-0.066355,-0.061551,-0.066454,-0.074707,-0.077008,-0.062022,-0.069277
0.0050699,-0.01146,-0.014986,-0.015446,-0.0025794,-0.0044167,-0.0068787
-0.017493,-0.025296,-0.02142,-0.027204,-0.01263,-0.013495,-0.020019
-0.054406,-0.064296,-0.066624,-0.066987,-0.070081,-0.056161,-0.062802
0.0046553,0.0090815,0.0024257,0.0085267,0.015995,0.0063395,0.00098052
-0.057312,-0.056495,-0.055003,-0.060558,-0.065707,-0.053107,-0.064467
-0.051489,-0.049506,-0.047779,-0.058402,-0.060472,-0.047213,-0.048046
-0.057544,-0.057167,-0.065513,-0.062028,-0.068998,-0.053468,-0.056454
-0.048888,-0.042594,-0.045795,-0.045254,-0.050875,-0.038967,-0.044421
-0.044519,-0.037843,-0.039863,-0.043998,-0.047171,-0.040087,-0.036013
-0.059233,-0.051133,-0.051082,-0.061748,-0.067153,-0.046943,-0.060403
-0.058105,-0.04601,-0.044608,-0.051379,-0.060602,-0.046327,-0.057648
-0.042078,-0.034132,-0.035621,-0.044453,-0.04382,-0.039379,-0.034669
-0.055718,-0.051899,-0.047801,-0.062027,-0.067285,-0.058257,-0.066449
-0.050204,-0.039908,-0.03734,-0.047825,-0.055818,-0.037636,-0.048445
-0.046651,-0.03523,-0.03824,-0.04661,-0.049836,-0.039518,-0.048047
-0.031687,-0.029202,-0.026575,-0.030798,-0.034832,-0.028461,-0.026977
-0.048994,-0.043563,-0.044224,-0.043752,-0.060194,-0.047322,-0.05912
-0.054143,-0.045471,-0.047585,-0.057557,-0.053115,-0.053829,-0.053651
-0.062576,-0.057399,-0.057198,-0.070558,-0.069688,-0.058813,-0.066445
-0.033387,-0.030086,-0.028286,-0.030789,-0.03435,-0.031564,-0.023809
-0.053467,-0.052946,-0.053187,-0.063197,-0.060676,-0.052737,-0.05405
-0.041428,-0.03846,-0.034827,-0.041763,-0.0489,-0.035042,-0.028694
-0.0096396,-0.0076555,-0.0089365,-0.00902,-0.010033,-0.0061289,-0.013118
-0.0089188,-0.0039618,-0.0061599,0.00078822,-0.0081797,-0.0061992,-0.0098968
-0.018058,-0.015592,-0.012579,-0.019156,-0.018156,-0.013575,-0.018288
-0.028009,-0.025895,-0.024931,-0.026136,-0.031018,-0.018253,-0.021046
0.0062143,0.0074045,0.013874,0.025601,0.025016,0.01343,0.014895
0.023873,0.037243,0.035407,0.048345,0.038624,0.023903,0.025372
0.024838,0.035033,0.028186,0.040142,0.034786,0.024102,0.017046
0.023381,0.025954,0.020678,0.026462,0.027776,0.014745,0.010874
-0.009778,-0.0044766,-0.010827,-0.0027489,-0.0022147,-0.0086977,-0.010296
0.011558,0.022425,0.024062,0.033793,0.030641,0.02191,0.010648
-0.0018214,0.0067166,0.0034126,0.015849,-0.00034134,0.0031463,0.00058344
0.031211,0.04157,0.037511,0.051871,0.046845,0.029824,0.024753
0.002752,0.01442,0.0091948,0.025712,0.0076569,0.013678,0.010769
-0.0086397,-0.007074,-0.0074657,-0.0090558,-0.0081514,-0.0055012,-0.0092891
0.0089834,0.0031501,0.0021919,0.0024052,0.0042691,0.0034315,-0.0034555
-0.0094304,-0.0071891,-0.011021,-0.0070395,-0.0080919,-0.0053076,-0.010206
-0.016002,-0.013536,-0.014065,-0.01615,-0.015107,-0.01249,-0.012663
0.00034622,0.0026205,-0.0026471,-0.0004459,0.0013297,0.00082186,-0.0045402
0.0029739,-0.00081482,-0.0037274,-0.0030892,0.00014311,-0.0010526,-0.0062273
0.01214,0.005264,0.0013864,0.0036357,0.006313,0.0028511,-0.0023641
-0.0010215,-0.00073525,-0.0022527,0.0023835,-0.00017647,-0.00063186,-0.0065698
-0.024214,-0.028352,-0.019639,-0.021478,-0.033691,-0.033404,-0.037581
-0.0063357,-0.010718,-0.0050852,-0.0064685,-0.0081838,-0.011895,-0.009012
-0.018012,-0.020788,-0.019919,-0.01903,-0.023073,-0.022868,-0.019857
-0.038991,-0.037305,-0.0385,-0.029086,-0.050622,-0.041326,-0.030681
-0.03224,-0.031583,-0.029168,-0.028991,-0.039416,-0.031487,-0.024616
0.00066137,0.0014153,0.005946,0.0063201,0.0097503,0.0032234,0.0049103
-0.033354,-0.030678,-0.031054,-0.033962,-0.036684,-0.034979,-0.025037
-0.060257,-0.055146,-0.050001,-0.055933,-0.064587,-0.051897,-0.056991
-0.0060225,-0.010884,-0.0072342,0.00038799,-0.0030553,-0.0087768,-0.0076937
0.0044893,-0.0021939,-0.0023523,0.00087729,-0.0032303,-0.0045082,-0.010093
-0.0033817,-0.0043722,-0.0030091,-0.0031697,-0.00037251,-0.001609,-0.0044051
-0.0055654,-0.0070821,-0.0077433,-0.0076682,-0.0032455,-0.0097334,-0.010212
-0.0042153,-0.010294,-0.0044001,-0.0028916,-0.0031566,-0.011556,-0.010733
0.0061279,0.00079787,-0.0022439,-0.00034324,0.0033333,-0.0011088,-0.0031639
-0.0056005,-0.0039296,-0.0016533,0.00074443,0.0013774,-0.0020463,-0.0018248
-0.0041916,-0.0076399,-0.0047772,-0.00070002,-0.00032955,-0.0046934,-0.0078072
-0.033309,-0.028487,-0.029819,-0.028986,-0.029868,-0.031166,-0.024236
-0.059456,-0.061204,-0.061421,-0.063405,-0.063959,-0.052113,-0.051809
-0.036137,-0.037522,-0.04099,-0.042809,-0.042725,-0.039246,-0.042682
-0.028403,-0.035553,-0.03797,-0.035627,-0.032623,-0.036106,-0.039568
-0.019735,-0.027472,-0.021199,-0.020751,-0.028053,-0.028338,-0.036815
-0.020397,-0.02358,-0.020137,-0.013819,-0.023072,-0.027385,-0.030147
-0.057323,-0.058972,-0.057631,-0.064387,-0.060314,-0.045088,-0.049399
-0.058712,-0.059285,-0.058646,-0.066313,-0.057162,-0.049856,-0.054417
-0.058857,-0.054516,-0.058003,-0.062666,-0.056663,-0.04498,-0.048408
-0.054269,-0.056981,-0.060335,-0.066262,-0.058632,-0.053538,-0.052691
-0.059707,-0.057204,-0.055935,-0.058998,-0.058484,-0.051704,-0.053415
0.034766,0.037494,0.04859,0.056402,0.05186,0.041492,0.054112
0.041995,0.04453,0.049475,0.057411,0.055741,0.038698,0.042891
0.027089,0.024783,0.039387,0.047305,0.048232,0.036552,0.036587
0.031956,0.037548,0.037919,0.042085,0.042647,0.034134,0.032981
0.027873,0.031355,0.04423,0.050441,0.052842,0.03314,0.026884
0.047474,0.052,0.059525,0.064408,0.063869,0.047419,0.057091
0.032439,0.044968,0.050891,0.055408,0.057636,0.041148,0.040392
0.039988,0.038008,0.036367,0.038252,0.046506,0.028993,0.038702
0.050091,0.05092,0.048357,0.05259,0.052723,0.035379,0.037063
0.030633,0.042278,0.041878,0.05633,0.049094,0.033931,0.027216
0.047672,0.04874,0.055179,0.057437,0.060009,0.036444,0.047385
0.048731,0.053565,0.054495,0.063907,0.057623,0.039657,0.053048
0.035735,0.040108,0.044717,0.049025,0.045127,0.034538,0.032736
0.039261,0.042625,0.041611,0.047357,0.039716,0.030932,0.02909
0.041038,0.045217,0.051643,0.053375,0.057936,0.045598,0.045039
0.034093,0.027244,0.022013,0.022447,0.01991,0.022074,0.024737
0.041274,0.0422,0.04966,0.056181,0.055781,0.038583,0.040267
0.034353,0.042883,0.050486,0.057729,0.058839,0.042938,0.04266
0.0090095,0.0093287,0.0024575,-0.0014973,0.0029257,0.0042533,0.012444
0.029862,0.02272,0.014096,0.01611,0.013978,0.014866,0.019873
0.0023021,0.0040089,0.0041073,0.00030801,0.0056081,0.0041883,0.012582
0.023797,0.012394,0.013167,0.017362,0.0095808,0.009718,0.018625
0.0073527,0.0086979,0.008875,0.0053083,0.0033502,0.003441,0.010667
0.018596,0.014003,0.012752,0.015249,0.011565,0.0073532,0.0058929
0.03293,0.03091,0.030717,0.029524,0.035137,0.029865,0.031942
0.023065,0.016527,0.01719,0.014918,0.012384,0.015703,0.014119
0.025567,0.036107,0.036786,0.038101,0.040239,0.027956,0.032378
0.017727,0.010791,0.0063477,0.0071102,0.0085737,0.0098638,0.0065299
0.024049,0.026246,0.034602,0.035328,0.028248,0.019585,0.018381
0.026379,0.025065,0.032109,0.033261,0.028562,0.016066,0.015326
0.020677,0.01436,0.014173,0.015929,0.017671,0.012853,0.012085
0.031036,0.02257,0.030037,0.027259,0.028375,0.022982,0.02196
0.030172,0.02211,0.02521,0.021672,0.023544,0.017289,0.023291
0.022406,0.025129,0.034281,0.038907,0.036521,0.027416,0.030851
0.024994,0.017108,0.014253,0.012183,0.0081379,0.015279,0.012165
0.0086537,0.0024773,0.0061186,0.013336,0.017628,0.0074397,0.020565
0.029812,0.021317,0.014491,0.014384,0.012596,0.018102,0.018306
0.028397,0.02818,0.032032,0.030678,0.036763,0.026767,0.032453
0.02004,0.013546,0.012353,0.013344,0.015348,0.013515,0.012332
0.017571,0.016045,0.014154,0.014297,0.01169,0.0064989,0.0053494
0.01428,0.018411,0.020473,0.019893,0.021819,0.018924,0.014795
0.0018988,0.0085898,0.0018004,0.0056174,0.0052864,0.0069286,0.015051
0.010964,0.010179,0.011027,0.0066103,0.0082305,0.008516,0.011528
0.02451,0.016733,0.017137,0.01217,0.0093985,0.014658,0.012936
0.0039702,-0.00049373,0.00261,0.00088994,0.0058501,0.0078847,0.005984
0.003892,0.0016094,0.0073435,0.0025727,0.0069093,0.0034727,0.006808
0.0043941,0.0010295,0.0034454,0.0026453,0.0047985,0.0059285,0.0064261
-0.0057623,-0.0086826,-0.0055319,-0.00023449,0.0013532,0.0040968,0.0087631
-0.020926,-0.014718,-0.011804,-0.0079381,-0.012331,-0.0048032,-0.0017356
-0.0083193,-0.0069695,-0.0048328,-0.002205,-0.0048815,0.0034345,-0.0003718
0.0045317,0.0041689,0.0089422,0.010526,0.0077559,0.0029578,0.001105
0.016656,0.01208,0.01338,0.0096136,0.0067635,0.0061653,0.0073356
0.010628,0.0039875,0.0053068,0.0023859,0.0088966,0.0077733,0.010346
0.010119,0.0040545,0.0058763,0.0017945,0.0033747,0.0054556,0.0056718
0.0023463,-0.0011106,0.0041602,-0.00033086,0.004017,0.0057754,0.0018632
0.019454,0.007572,0.011513,0.0058858,0.006523,0.011662,0.0054078
-0.017786,-0.005322,-0.0067138,0.00096199,-0.0044471,0.0011616,0.010728
0.0085174,0.007395,0.0060703,0.004118,0.0053385,0.0075731,0.0056322
0.014697,0.008401,0.0091624,0.0087196,0.013546,0.012453,0.01097
-0.0011369,0.0080312,0.0079839,0.011715,0.010053,0.01503,0.013886
0.002493,0.011028,0.015043,0.018274,0.0026465,0.01559,0.016325
0.0034928,-0.0043877,-0.0018097,0.00038566,0.0048523,0.011434,0.01465
0.0049779,0.0059729,0.00040753,0.0038978,0.0040464,0.0062891,0.0052263
0.0044845,0.010816,0.0051435,0.009211,0.00878,0.0055012,0.0084905
-0.0038586,-0.00014994,-0.00014451,-0.0025838,-0.0018039,0.0035851,0.0013155
0.0052357,0.0049842,-0.0014211,0.0062758,0.010157,0.011557,0.0038552
0.0028158,0.0076766,-0.00088467,-0.00031742,0.0039651,0.0082007,0.0062625
0.0054768,0.0085568,0.0040543,0.00523,0.010599,0.0074592,0.0085313
-0.00049215,0.002721,-0.005198,0.0043285,0.0029283,0.0058819,0.0049013
0.0030097,0.0027637,-0.0048308,-0.0006669,0.00076571,0.002908,-0.0019428
0.0041729,0.00086527,-0.0025893,-0.0012588,0.0026117,0.004314,0.00047936
-0.0053874,0.0055258,0.0058847,0.0083527,0.0078455,0.0063354,0.010858
-0.0060931,0.0071387,0.006334,0.014311,0.0094949,0.0066435,0.0044515
0.018274,0.0072623,0.0083448,0.0083367,0.018911,0.010611,0.011708
0.020324,0.022142,0.021176,0.030899,0.025918,0.018801,0.017221
-0.029093,-0.025808,-0.023784,-0.018985,-0.036136,-0.02987,-0.033012
-0.0088663,-0.013219,-0.011166,-0.0072369,-0.02009,-0.017692,-0.016538
-0.055288,-0.060261,-0.061438,-0.065483,-0.05666,-0.052226,-0.053261
-0.059597,-0.065768,-0.065387,-0.074866,-0.065731,-0.058915,-0.063479
0.032421,0.027774,0.030322,0.026842,0.030673,0.027753,0.026037
0.034423,0.026984,0.032025,0.033054,0.031724,0.028978,0.032227
0.027301,0.018809,0.018312,0.014903,0.018424,0.015425,0.013773
0.0094058,0.0047644,0.006567,0.0028433,0.0048253,0.0063032,0.0065274
0.011244,0.0038186,0.010288,0.0068656,0.0015039,0.0040416,0.0071412
0.01115,0.0054603,0.012282,0.015009,0.0097117,0.010193,0.005113
0.0080577,-0.00034259,-0.0023322,-0.0037152,0.0011377,-0.0040845,-0.011621
0.024439,0.021621,0.024521,0.037889,0.03142,0.021371,0.020462
-0.058114,-0.064821,-0.067432,-0.07433,-0.069794,-0.058917,-0.062824
-0.050724,-0.055543,-0.057215,-0.064889,-0.059023,-0.05564,-0.059974
-0.05085,-0.049857,-0.044155,-0.051496,-0.066013,-0.049925,-0.054249
-0.056456,-0.05151,-0.048254,-0.059349,-0.064732,-0.046738,-0.05849
-0.015283,-0.0082725,-0.0094603,-0.0016685,-0.019806,-0.0074851,-0.0096784
0.031916,0.033607,0.034025,0.035604,0.038449,0.030233,0.027838
0.042095,0.040404,0.043345,0.04243,0.044969,0.036642,0.036236
0.040529,0.038875,0.042485,0.045814,0.043218,0.037678,0.033478
0.041174,0.044626,0.04499,0.050188,0.050105,0.04035,0.03049
-0.051954,-0.047558,-0.043073,-0.046851,-0.060961,-0.049496,-0.053529
0.012692,0.010061,0.014167,0.0065885,0.01109,0.014271,0.013019
0.045842,0.047317,0.046819,0.052711,0.049783,0.038436,0.045234
-0.0017556,0.0057859,-0.00014496,-0.0024981,0.0010458,-2.8792e-05,0.0042366
-6.8525e-05,0.0050812,0.00067186,-0.00019837,0.0063468,0.0024202,0.0048205
-0.023067,-0.022994,-0.018053,-0.02303,-0.027653,-0.017216,-0.018073
-0.047621,-0.051074,-0.056339,-0.052123,-0.057721,-0.038862,-0.049097
-0.051132,-0.054231,-0.062771,-0.062623,-0.063576,-0.048617,-0.055778
-0.040939,-0.048672,-0.052926,-0.052239,-0.053338,-0.041427,-0.050751
-0.030444,-0.034824,-0.041928,-0.042345,-0.038899,-0.033574,-0.034244
-0.031124,-0.036708,-0.037364,-0.040946,-0.033411,-0.030936,-0.036403
-0.014071,-0.015673,-0.013029,-0.013036,-0.013665,-0.01423,-0.010013
0.012359,0.012631,0.0021494,0.002372,0.00088336,0.0059536,0.0083081
0.015295,0.015001,0.0063017,0.0058454,0.006874,0.0076964,0.0075875
0.035998,0.044964,0.048269,0.056406,0.048071,0.039039,0.045617
-0.0017886,-0.0041624,-0.0028144,-0.004256,0.00040619,-0.0016321,-0.0062659
-0.05725,-0.062056,-0.061398,-0.064733,-0.063573,-0.053285,-0.055221
-0.057006,-0.057381,-0.05533,-0.061767,-0.057835,-0.042962,-0.048704
0.043129,0.045933,0.055597,0.065042,0.058158,0.048742,0.0461
0.021418,0.015722,0.017829,0.013962,0.016133,0.012926,0.01763
-0.059544,-0.057472,-0.054018,-0.053656,-0.062027,-0.045725,-0.052806
-0.0030972,-0.0025394,0.0020421,0.0039092,-0.001805,0.006048,0.0064481
0.018315,0.024256,0.025587,0.019043,0.024394,0.022866,0.027081
0.0037643,0.0012602,-0.0037856,-0.0039141,0.00057835,-0.0029854,-0.0067609
0.034536,0.039159,0.037583,0.041099,0.040967,0.033327,0.030738
0.02028,0.015775,0.0078648,0.011061,0.0051979,0.0050426,0.013002
0.016558,0.011031,0.0060315,0.0085083,0.014371,0.01043,0.0083192
0.016459,0.013867,0.014391,0.006578,0.010555,0.0031206,0.0061271
0.0045005,0.0045377,0.007708,-0.0034118,-0.0041437,-0.002,-0.0034284
-0.05632,-0.059651,-0.060415,-0.056033,-0.05772,-0.049065,-0.055335
0.015256,0.015284,0.011177,0.0098156,0.010241,0.011575,0.010499
0.040124,0.04423,0.045119,0.050599,0.044114,0.033151,0.027895
-0.045269,-0.042541,-0.03765,-0.045482,-0.053659,-0.04254,-0.041378
0.033604,0.039475,0.039294,0.052173,0.044846,0.037514,0.033855
0.0068451,0.0021516,-0.0026403,0.0018213,0.0023087,0.0061904,-0.00079213
-0.030204,-0.021763,-0.023172,-0.028274,-0.034063,-0.024002,-0.024668
0.04459,0.046528,0.047605,0.058454,0.049984,0.043201,0.046109
0.009236,0.0040275,0.0026894,-0.0025803,-0.000298,0.0014288,-0.0018536
-0.017959,-0.017056,-0.018223,-0.023226,-0.025408,-0.016396,-0.027257
-0.0055576,-0.0044994,-0.0065125,-0.003139,-0.0051258,0.0013309,-0.0013903
0.014138,0.0090275,0.0052069,0.0043428,0.0096855,0.010514,0.003771
-0.00036337,-7.2137e-05,0.00069535,-0.0031878,-0.0032909,-0.0024086,-0.00085723
-0.0002508,-0.0012444,-0.0043072,0.0020322,-0.0019663,0.0016942,-0.0034579
0.0062627,0.0023217,0.0018103,0.0072782,0.0041355,0.0046864,0.002664
0.0025009,0.0057533,0.001278,-0.0046121,-0.00035054,-0.0012865,0.0044463
-0.0026667,0.00081506,0.006872,0.006379,0.0025179,-0.00086993,0.0055435
0.0067579,0.0052234,0.0040369,-0.0014793,-0.0024555,0.0020726,0.005901
-0.052592,-0.059585,-0.065781,-0.061316,-0.067586,-0.046683,-0.056435
-0.0074683,-0.001152,-0.0029126,0.0015245,-0.00026345,-0.0001157,0.003802
-0.013616,-0.0083129,-0.0075343,-0.0142,-0.019354,-0.010473,-0.0081385
-0.016753,-0.010844,-0.0080252,-0.0044742,-0.0041256,-0.0027281,-0.0048291
0.0027628,0.0013075,-7.5831e-05,-0.0028813,-0.0019711,0.00076879,0.0052589
0.0026986,0.0044691,0.002986,-0.0045363,-0.0030861,1.0803e-06,-0.0035093
0.034949,0.033545,0.038177,0.046884,0.044767,0.030425,0.028281
-0.0026228,-0.0015576,-0.0013819,-0.0081163,-0.004853,-0.0015116,-0.0034548
0.025515,0.017064,0.014376,0.011649,0.0092013,0.015027,0.015771
0.038657,0.032928,0.035002,0.039803,0.03783,0.026047,0.02954
0.018702,0.014359,0.01668,0.014697,0.018922,0.011014,0.0041752
-0.0094524,-0.0048052,-0.0018118,3.1322e-05,-0.0035896,-0.00087314,-0.0068301
0.019791,0.014428,0.0086775,0.0071038,0.0085218,0.0093442,0.013607
0.031212,0.025567,0.021435,0.020782,0.021327,0.018686,0.021039
0.0050047,0.0040483,0.0046812,0.0065881,-0.0040491,0.0064846,0.006846
0.0071396,0.001454,-0.00093077,0.0020749,0.01005,0.0098104,0.010251
-0.014057,-0.013371,-0.012034,-0.013087,-0.011047,-0.0089197,-0.01373
0.031405,0.031663,0.035364,0.037405,0.029414,0.020561,0.022633
0.033935,0.03645,0.026583,0.031381,0.028932,0.021973,0.021861
0.03172,0.033844,0.037035,0.042122,0.038093,0.025877,0.01501
-0.038877,-0.026708,-0.027148,-0.033152,-0.029367,-0.036112,-0.028827
0.0080839,0.007615,0.01012,-0.0043226,-0.0055524,-0.0051808,-0.0027574
0.013208,0.019774,0.014223,0.0095084,0.0065887,-0.0095135,-0.0038653
-0.020279,-0.020197,-0.018029,-0.018491,-0.017297,-0.020081,-0.020171
-0.0054041,-0.0027293,-0.0043314,-0.0037374,-0.0029525,-0.0014064,-0.0011097
0.003201,0.0037022,0.0096701,0.0033849,0.0097067,0.011784,0.012339
0.019613,0.015611,0.022239,0.018986,0.025171,0.026195,0.02222
0.015799,0.015964,0.019957,0.023065,0.022574,0.027001,0.026743
0.017789,0.014437,0.018549,0.017727,0.021221,0.023103,0.022725
0.0067513,0.0042214,0.0086656,0.0054128,0.013638,0.016985,0.020708
0.022957,0.02225,0.014972,0.017038,0.011687,0.011038,0.019694
0.0016809,-0.0021419,-0.0026008,-0.0047392,-0.0089544,-0.012865,-0.015517
0.012287,0.016745,0.014431,0.014196,0.016092,0.012387,0.024031
-0.039339,-0.046456,-0.04367,-0.049388,-0.053267,-0.043337,-0.058074
-0.011678,-0.021637,-0.027437,-0.03128,-0.013076,-0.017948,-0.025311
0.03043,0.026273,0.030398,0.035141,0.032682,0.025024,0.035329
0.013034,0.0077441,0.0051195,-0.0020162,-0.00068747,-0.0057137,-0.0029341
-0.00029327,0.003831,0.0070868,-0.0078333,-0.009299,-0.0092086,-0.0098818
-0.0012639,-0.0015408,0.0021649,-0.0055226,-0.012795,-0.019738,-0.022642
-0.019142,-0.022941,-0.026656,-0.02704,-0.035259,-0.032248,-0.035107
0.0041064,0.002841,0.0074179,0.0073396,0.011165,0.006144,0.014953
0.0082767,0.0064704,0.0062492,0.0013446,-0.002787,-0.0087511,-0.012738
0.025249,0.028106,0.025861,0.02989,0.02586,0.026293,0.031738
0.03374,0.036415,0.035811,0.040176,0.037676,0.02962,0.038198
-0.00033427,0.0070292,0.0038728,0.0064217,0.0019444,0.0030868,-6.9394e-05
-0.0013969,-0.00027996,0.00216,0.0053548,0.010586,0.010119,0.018535
0.030967,0.0312,0.030251,0.027658,0.027987,0.021518,0.031451
0.0050535,0.0061904,0.0080069,0.0083779,0.0087572,0.012802,0.012961
0.0011785,-0.00012567,-0.00034981,0.00052981,0.0064653,0.011507,0.010209
0.017005,0.015392,0.013192,0.014391,0.010982,0.014147,0.019878
0.022693,0.019413,0.023145,0.01091,0.024791,0.025184,0.027147
0.028134,0.026138,0.024685,0.02273,0.026734,0.027607,0.030203
0.028076,0.028772,0.031439,0.029117,0.034842,0.027439,0.033958
0.0091971,0.009352,0.0070547,0.0043472,0.0078296,0.0092692,0.0050297
-0.00044396,-0.00065438,-0.0032535,-0.001012,-0.00084688,0.0063866,0.0014111
0.0093029,0.010525,0.010306,0.0093307,0.012503,0.012275,0.0015356
0.0063233,0.0096895,0.010732,0.010667,0.015145,0.019386,0.015136
0.0029763,0.0012393,-0.0032457,-0.0012197,0.0022916,0.0023244,0.0084345
0.0056381,0.0039671,0.0044391,-0.0021411,0.0089517,0.0050404,0.00206
-0.0064953,-0.0036917,-0.0048007,0.0012372,-0.013525,-0.0046562,-0.00549
-0.0051553,-0.00067652,0.00079679,0.00046304,-0.00034063,0.0055788,0.0046942
0.014402,0.018799,0.015698,0.013752,0.013945,0.014017,0.020504
0.0025794,0.0019711,0.0017698,0.0017873,0.0054517,0.0028183,-0.001239
-0.00046825,0.00015344,-0.005559,-0.0043545,-0.0048795,0.00010257,-0.0055798
0.0089336,0.010084,0.0099471,0.0048791,0.0078794,0.011122,0.01597
0.004426,0.0030639,0.0026374,0.0039679,0.0035983,0.0078677,0.01042
-0.0017536,-0.00092352,-0.0035295,0.0014742,-0.0027112,0.0045661,0.0058804
0.0036798,-0.00025728,-0.0017618,0.00066539,0.0015157,0.003082,0.0063782
0.02156,0.017441,0.017997,0.015076,0.014765,0.017755,0.021804
0.020939,0.020902,0.018119,0.01933,0.018228,0.018827,0.024039
0.005477,0.0059709,0.0038439,0.00049828,0.0042312,0.0064402,0.0056838
0.016911,0.017639,0.01264,0.01059,0.011455,0.016021,0.017218
0.0060918,0.0043866,0.0010752,0.0028075,0.00445,0.0063295,0.010431
0.014332,0.011864,0.0052718,0.0068784,0.0080895,0.012853,0.015085
0.0047541,0.0054652,0.0048508,0.0021111,0.004278,0.01047,0.012959
0.015464,0.007834,0.004853,0.0053597,0.0046141,0.010588,0.01322
0.012854,0.0066478,0.0089231,0.008036,0.0066932,0.0119,0.0091346
0.011887,0.011809,0.011611,0.0066833,0.0090173,0.0098322,0.0097713
0.014453,0.0098364,0.0064291,0.0080194,0.0063374,0.010115,0.013981
0.014956,0.0083633,0.0072714,0.0066735,0.0097426,0.012776,0.01494
0.018071,0.01618,0.017545,0.012765,0.013613,0.01487,0.016788
0.026794,0.021576,0.024051,0.024573,0.021026,0.018635,0.026181
0.013173,0.010701,0.0094547,0.005183,0.0050436,0.0072789,0.0055083
0.016448,0.013525,0.01159,0.0079148,0.0089254,0.0079174,0.0079055
0.018963,0.020989,0.016593,0.011782,0.014963,0.014054,0.016106
0.019223,0.017714,0.010582,0.0081632,0.011664,0.015051,0.014567
0.0030589,0.012744,0.023073,0.023455,0.01621,0.016762,0.010632
-0.061136,-0.056668,-0.058245,-0.076598,-0.070974,-0.056284,-0.059332
0.0075004,0.02045,0.023993,0.024275,0.026941,0.022492,0.0094943
-0.04177,-0.049171,-0.048526,-0.067819,-0.060996,-0.046852,-0.049238
-0.0024355,-0.0065969,-0.010806,-0.019318,-0.0046426,-0.0049827,-0.0095888
-0.0047797,-0.0031944,0.0014094,-0.010672,0.001551,-0.0045513,-0.0067253
-0.022143,-0.014929,-0.021594,-0.041427,-0.016105,-0.029255,-0.02752
-0.022787,-0.025271,-0.023672,-0.033374,-0.01615,-0.017888,-0.022532
0.0076525,0.01482,0.016288,0.018205,0.019006,0.019202,0.029134
-0.011621,-0.0097488,-0.0049167,-0.02281,0.0021753,-0.0088943,-0.011849
0.00074529,0.0084438,0.0095481,0.015858,0.00935,0.008142,0.01009
-0.051655,-0.05832,-0.059847,-0.072007,-0.063996,-0.050349,-0.052046
-0.059427,-0.063904,-0.065438,-0.074618,-0.068108,-0.057466,-0.059936
-0.058207,-0.058682,-0.059553,-0.067319,-0.065596,-0.057661,-0.056193
-0.010513,0.00043441,0.00083205,-0.0011619,-0.00095486,0.0039162,0.0052856
-0.060156,-0.060033,-0.065424,-0.075887,-0.070312,-0.055939,-0.055677
-0.039689,-0.031609,-0.037424,-0.058477,-0.040305,-0.041382,-0.040279
-0.0066252,-0.01033,-0.0086644,-0.010457,0.0080789,0.0064993,-0.00033922
0.0043092,-0.0094261,-0.010586,-0.013133,0.004257,-0.0013877,-0.0020942
-0.060207,-0.060186,-0.063519,-0.073625,-0.068589,-0.049841,-0.053267
0.027238,0.017188,0.016812,0.022969,0.021611,0.014113,0.016742
-0.0067447,-0.018938,-0.014141,-0.015191,-0.00196,-0.0020463,-0.0076095
-0.042284,-0.041007,-0.034089,-0.058137,-0.046031,-0.042549,-0.043835
0.00080544,-0.0018981,0.002046,0.007383,0.0041922,0.012213,0.013018
-0.0096647,-0.0069015,-0.0079446,-0.012183,-0.012588,-0.0078915,-0.0087022
0.012278,0.004543,0.0077563,0.0066041,0.0038905,0.0094754,0.0088307
-0.027333,-0.026238,-0.017517,-0.031727,-0.03227,-0.029126,-0.01626
-0.021169,-0.024488,-0.017752,-0.025042,-0.026197,-0.021712,-0.018591
-0.045343,-0.041639,-0.042806,-0.058064,-0.055777,-0.047082,-0.052541
0.0096169,0.009391,0.0073936,0.0069135,0.0018955,0.010531,0.0052848
-0.046513,-0.043523,-0.055804,-0.053986,-0.060754,-0.046582,-0.053535
0.004621,0.0027877,0.0079003,0.016363,0.012373,0.011182,0.011988
-0.0066141,-0.0021855,0.0020497,0.0054316,-7.5387e-05,0.0058111,0.0021991
-0.0012808,0.0013449,0.0022724,0.0026606,0.007669,0.0070797,0.010039
-0.0021746,-0.00023067,0.0074873,0.0055457,0.0033659,0.0069677,0.00012711
-0.0050881,0.00024005,0.0021515,0.012104,0.0060813,0.0067292,0.0067066
0.0031123,0.0025403,0.0051446,0.0074833,0.0086842,0.011557,0.011995
0.0027525,-0.0005907,-3.0078e-05,0.0016952,-0.0040402,0.00527,0.0032502
0.0031285,0.0034475,0.001651,-0.005664,-0.0023944,0.0057885,-0.00094205
-7.7922e-05,0.0029851,0.0065103,0.0074455,0.00566,0.0082116,0.0078792
-0.0061902,-0.0079788,-0.010411,-0.01034,-0.01296,-0.01031,-0.0068831
0.012363,0.0067293,0.018695,0.016192,0.015109,0.013125,0.018573
0.00049517,-0.0015415,0.0055808,0.0062002,0.0019556,0.012896,0.018834
-0.039668,-0.033259,-0.032383,-0.046771,-0.034932,-0.038069,-0.028511
-0.012273,0.0069521,-0.0076787,-0.016846,0.0062798,-0.0084284,-0.005018
-0.015988,-0.012588,-0.01075,-0.014091,-0.016765,-0.010779,-0.0089264
-0.00013551,-0.0040676,-0.0032344,-0.0061374,-0.0036064,0.0035064,0.0054243
-0.001385,-0.0063305,-0.0083396,-0.0094565,-0.0080962,-0.0048331,-0.0020148
0.00423,0.0023908,-5.6076e-05,-0.00020366,0.0012204,0.0035221,-0.00081698
0.0030033,0.010562,0.00945,0.0067521,0.0075254,0.011354,0.0048883
-0.002687,-0.0047888,-0.00099871,-0.0017008,-0.0044502,-0.0021986,0.004983
-0.026835,-0.027729,-0.025887,-0.03262,-0.028015,-0.029638,-0.02095
0.014359,0.0095848,0.021717,0.023877,0.019062,0.019947,0.024366
0.0065412,0.0085722,0.011279,0.015117,0.017504,0.019807,0.025425
0.0026263,-0.0023736,0.006042,0.0048507,0.0039285,0.0073361,0.0086744
0.0071949,0.011265,0.015314,0.014562,0.016209,0.0045603,0.014118
-0.019367,-0.016135,-0.018967,-0.022457,-0.012772,-0.021078,-0.010343
-0.0018115,0.0049048,0.0035556,0.0078401,0.0043984,0.011366,0.010363
0.00084295,-0.0017729,0.0043739,0.0068627,0.0094084,0.010969,0.013492
0.001895,-0.0029336,0.0015709,0.003227,0.0064942,0.0072677,0.010426
0.00026505,0.00025741,0.0034628,0.0028555,0.001495,0.0087825,0.0084134
0.047122,0.043108,0.043324,0.050624,0.04671,0.040325,0.047812
0.0013309,0.017151,0.022335,0.025586,0.024977,0.01369,0.026331
0.053681,0.052249,0.052769,0.058319,0.058203,0.046125,0.053556
0.0093387,0.012513,0.018605,0.020483,0.021147,0.025154,0.031632
0.041639,0.040716,0.042662,0.047575,0.04646,0.03878,0.048942
0.015022,0.02401,0.029141,0.031207,0.027858,0.023712,0.027841
0.019404,0.023197,0.020642,0.028143,0.025671,0.024449,0.032167
0.014633,0.014681,0.013069,0.025211,0.025122,0.023136,0.02889
0.044648,0.040441,0.04112,0.050266,0.042805,0.043029,0.047862
0.041735,0.043058,0.039999,0.044217,0.04323,0.040007,0.046707
0.011215,0.012722,0.011865,0.019314,0.0087427,0.012888,0.014348
0.0036546,0.0078376,0.01121,0.008874,0.0060459,0.010394,0.013854
0.014477,0.018762,0.014358,0.02187,0.016518,0.011762,0.0096207
0.052149,0.052736,0.054205,0.061784,0.058791,0.043903,0.05026
0.041153,0.04232,0.041706,0.051238,0.049233,0.034365,0.043582
0.0016125,0.0024653,0.0091709,0.01577,0.011441,0.0057007,0.011982
0.012772,0.0095164,0.0060005,0.0093345,0.015523,0.010579,0.018474
0.013928,0.011858,0.018255,0.019368,0.023448,0.0162,0.024639
0.032687,0.0344,0.035258,0.040214,0.040448,0.031327,0.021208
0.022864,0.02776,0.027819,0.03285,0.02707,0.010034,0.0054932
0.0095888,0.010948,0.0075054,0.0099635,0.0098166,0.0079649,0.013896
0.025318,0.022354,0.020141,0.020944,0.018303,0.008766,0.014428
-0.036991,-0.027234,-0.037459,-0.037212,-0.030653,-0.03756,-0.034498
-0.0039301,0.0014251,-0.0031232,-0.010748,-0.0090282,-0.013651,-0.015285
0.0048643,0.0035458,0.0061889,0.010688,0.0064924,0.0083715,0.0093756
0.010036,0.011811,0.0064801,0.010282,0.0059648,0.0082025,0.0077591
0.016036,0.0090373,0.0059256,0.00080381,-0.0011161,-0.0005282,0.00016245
0.012157,0.010446,0.0052965,0.0042402,0.0019686,0.0068565,0.0042096
0.0045668,0.0044154,0.0022088,-0.0014287,0.0068791,0.0052697,0.007664
0.003854,0.0042963,0.0023195,-0.0019798,-0.001874,0.004042,0.0088919
0.0061005,0.0064228,0.002758,0.001114,-0.00086907,-4.284e-06,0.0049955
0.0023549,-0.0013869,-0.0012353,0.006035,0.00054173,0.0062907,0.0084563
0.0052924,0.0036329,0.00085799,-0.00124,0.0033108,0.0056871,0.0034913
0.0051288,0.00024016,-0.00040485,0.0018661,0.0039625,0.0050456,0.006111
0.028937,0.029134,0.029423,0.033068,0.033858,0.02747,0.034683
0.048389,0.047733,0.046927,0.056585,0.050654,0.04069,0.048597
0.017215,0.014689,0.028086,0.032324,0.032832,0.023303,0.033702
0.039882,0.041511,0.036891,0.042612,0.039862,0.022494,0.034199
0.026031,0.028659,0.025075,0.026247,0.024357,0.02121,0.02743
0.017922,0.017468,0.016852,0.025297,0.025273,0.022871,0.020761
0.043185,0.052581,0.051948,0.059382,0.057516,0.034663,0.042891
0.033434,0.031524,0.035233,0.041666,0.036854,0.032439,0.040137
0.051035,0.050865,0.048179,0.055871,0.057593,0.043694,0.049718
0.037606,0.0451,0.047605,0.057453,0.051237,0.040128,0.0434
0.042127,0.047295,0.043938,0.052523,0.054259,0.035559,0.041436
0.0091076,0.0080724,0.009682,0.0040056,0.0038231,0.0020808,0.01245
0.0071124,0.0085634,0.0078053,0.01117,0.014744,0.0093386,0.017561
0.0089585,0.010142,0.0098272,0.014273,0.013433,0.005793,0.018356
0.0080029,0.0039237,0.0090739,0.0095065,0.0060262,-0.0035296,-0.0092002
-0.0051788,-0.010502,-0.0051455,-0.0044675,-0.0093903,-0.0083208,-0.0077965
-0.0122,-0.0060834,0.0025677,-0.0059401,-0.008902,-0.01412,-0.010195
-0.0090569,-0.015395,-0.010935,-0.0068424,-0.0092958,-0.012979,-0.013828
-0.0097661,-0.011996,-0.015348,-7.377e-05,-0.011709,-0.016126,-0.024611
-0.0017231,0.0011226,0.0093548,0.01056,0.0033063,-0.0039564,-0.008263
-0.0027182,0.0063704,0.0048709,0.011865,0.0053277,-0.0060761,-0.012172
0.0038069,0.0088453,0.0085805,0.018592,0.019207,0.0073961,0.0086916
0.003591,-0.0039829,0.0021041,0.011328,0.0044568,0.0035005,0.0033416
-0.0059595,-0.001621,-0.0056281,-0.0011152,-0.0024639,-0.0035828,-0.0065603
-0.00048122,0.00094527,-0.0022792,0.00058977,-0.00042467,-0.000302,-0.0046598
-0.00063762,-0.0024835,-0.0032251,-0.00036756,0.00079274,0.00093465,0.0018225
-0.0038033,-0.0079629,-0.0067169,0.0019426,-0.0014981,-0.0012811,-0.0059821
0.0031592,-0.0033684,0.002478,0.0018802,-0.0029184,-0.0036342,0.0081925
-0.00026205,-0.0010277,0.00057108,-0.0032236,-0.00045529,-0.00041729,0.012786
0.010992,0.0074538,0.005453,0.0075184,0.015071,0.0062599,0.014989
0.0061486,-0.0038237,-0.0023423,-0.0041067,0.00020921,-0.00034396,-0.0027419
-0.0033961,-0.0028678,-0.0026144,-0.00036029,0.00079966,0.0062438,0.0071042
-0.0003345,-0.0028349,-0.0043973,-0.00091722,0.0039484,-0.0021958,0.010955
0.0062094,0.0092669,0.011726,0.0052715,0.014185,0.0064101,0.022591
0.0074178,0.0063668,0.0044633,0.0049397,0.012632,0.010769,0.0078346
0.0029485,-0.0010088,-0.0034835,0.002298,0.0046414,0.0026398,-0.001078
0.006069,0.0051208,0.0036355,0.0003017,0.010216,0.007179,0.0027445
0.0062501,-0.00023232,-0.0025611,-0.0024239,0.0045872,0.003965,0.0026356
0.0056338,0.0066699,0.0014265,0.0020502,0.0061313,0.0081367,0.0013953
0.0067136,0.00544,0.00098634,-0.001043,0.010599,0.0061871,0.0020048
0.006889,0.0083638,0.0037623,0.0058808,0.011979,0.012533,0.0036792
0.0048703,0.0038483,0.0031265,0.0044756,0.012606,0.0080911,0.005227
0.0094457,0.0071626,0.0039907,0.0021447,0.010356,0.0080357,0.0050457
0.006567,0.0046629,-0.00012462,0.0074357,0.008623,0.010573,0.0058832
-0.0020951,0.0019451,0.0032441,0.0048828,0.0065779,0.0035111,0.00097913
0.00027044,-0.00051631,-0.0041199,0.0040078,0.006083,0.0015517,-0.0013101
0.0076061,0.0056351,0.0013523,0.0028398,0.010922,0.0072256,0.0051737
0.0037993,-0.0020609,-0.0043846,-0.0035157,-0.003628,-0.0093604,-0.014254
-0.0058355,-0.011772,-0.0048849,-0.0059813,-0.0086598,-0.014988,-0.013641
-0.00080228,-0.0076116,-0.0071467,-0.0099358,-0.0050728,-0.010858,-0.014718
0.0068302,0.0023461,-0.0023183,0.00022706,-0.00054512,0.0017632,-0.0094942
0.0054552,-0.0010647,-0.0028448,-0.0032803,0.0018018,0.0035697,-0.0028963
0.0006636,-0.0061562,-0.0044419,-0.0076456,-0.0017469,-0.010207,-0.013316
6.4123e-05,-0.002861,-0.0046661,-0.0018477,-0.0016298,-0.0029727,-0.0054539
0.0033497,-0.00083487,-0.0053176,-0.0028263,-0.0062513,-0.0042372,-0.013399
-0.0014871,-0.0088054,-0.0088091,-0.0035637,-0.0021542,-0.0099364,-0.011377
0.0078091,0.005235,-0.0014518,0.0030515,0.0019853,0.00056116,-0.0053326
-6.873e-05,-0.0085863,-0.011593,-0.010096,-0.011729,-0.011019,-0.019093
0.005192,0.0066348,-0.00024704,0.0040025,0.0032994,0.0076832,0.0030919
0.0055004,0.005406,-0.00092527,0.0017639,0.0042313,0.0061918,-0.00057513
0.011689,0.010511,0.0095047,0.0076898,0.0092023,0.010361,0.0047981
0.0089946,0.010136,0.0042416,0.0057324,0.0090694,0.011795,0.0035317
0.0096545,0.0070974,0.0046576,0.0068908,0.007486,0.011208,0.0079799
0.0045207,-0.00087297,-0.0050802,-0.0034889,0.0032034,0.0019378,-0.0017216
0.013241,0.011962,0.0092899,0.0067299,0.010764,0.011363,0.0091527
0.0060787,0.0093026,0.0059716,0.0054823,0.013529,0.0087613,0.006933
0.0077858,0.0034485,-0.0013517,0.0023421,0.0054916,0.0079188,0.005536
-0.010553,-0.017946,-0.017361,-0.016629,-0.02574,-0.015627,-0.02509
-0.03248,-0.028938,-0.019391,-0.030666,-0.025207,-0.026443,-0.024258
-0.011435,-0.016924,-0.012791,-0.01775,-0.017299,-0.016143,-0.018926
-0.00029919,0.0041654,-0.005765,-0.0025163,0.00075297,0.0016,-0.005186
-0.026035,-0.023754,-0.019709,-0.025206,-0.026696,-0.022286,-0.026239
0.0041837,0.0010306,-0.0042673,-0.0041502,-0.0039267,0.00030865,-0.010385
0.0022331,-0.00028486,-0.0025744,-0.0082596,-0.0057281,-0.00091591,-0.010365
-0.0017943,-0.0052636,-0.0053529,-0.0060879,-0.0050276,-0.0059642,-0.0064769
0.0047338,-0.00077579,-0.0037588,-0.0021267,0.0006413,0.00039729,0.0010649
-0.0025738,-0.0079639,-0.0072009,-0.0075864,-0.011338,-0.010384,-0.013634
-0.015216,-0.016322,-0.015935,-0.012376,-0.015612,-0.011061,-0.012323
-0.0085598,-0.0077822,-0.0089741,-0.0058884,-0.006168,-0.0054485,-0.0083231
-0.036576,-0.030195,-0.019355,-0.032043,-0.023887,-0.024563,-0.022698
-0.0048946,-0.0042189,-0.0092767,-0.005335,-0.010971,0.00279,-0.00024228
-0.0206,-0.026226,-0.018794,-0.021113,-0.024198,-0.014225,-0.014178
0.0041915,4.7081e-05,-0.0053475,-0.00061625,-0.0010447,0.0050127,0.002934
-0.012025,-0.0021319,0.0048185,0.0057096,0.00028635,-0.00036343,0.010261
-0.02567,-0.024702,-0.021581,-0.023684,-0.023223,-0.022065,-0.021683
-0.0058336,-0.010556,-0.010101,-0.0072206,-0.0089223,-0.0069114,-0.013038
-0.0091977,-0.0065034,-0.0051696,-0.0025595,-0.011668,-0.0026713,-0.005739
-0.00034313,-0.0027667,-0.0046555,-0.001068,-0.0053739,-0.0044988,-0.0050906
-0.0054854,0.0047191,0.0026693,0.0064091,-0.0031343,0.0024114,0.010435
-0.021001,-0.018266,-0.017463,-0.019989,-0.019005,-0.0093062,-0.003227
-0.015048,-0.013084,-0.010836,-0.013662,-0.020587,-0.0063252,-0.0041493
-0.0051263,-0.0041647,-0.012252,-0.0094389,-0.011284,-0.0018257,-0.00068196
0.006945,0.0076849,0.0049046,0.0064844,0.0069949,0.0030954,0.0057033
-0.0011813,-0.0059702,-0.0025942,-0.00045073,-0.0068094,-0.007792,0.0032849
0.0052158,0.0024145,0.0030364,0.0032049,0.0017755,0.00082559,0.0085613
0.011451,0.011345,0.011685,0.0092994,0.01398,0.010672,0.011461
0.0030083,0.00028355,-0.00072208,0.0030626,-0.0027355,0.0019807,0.00038677
-0.0052059,0.0022012,0.002654,0.0029753,-0.0027862,-0.00021361,0.0015405
0.012921,0.011629,0.011778,0.0073463,0.0096734,0.010715,0.010211
0.008167,0.01064,0.0098668,0.0087073,0.010765,0.0049703,0.0065376
0.0042833,-0.00025677,-0.0022133,0.0048052,0.0026703,0.0032655,0.00216
0.0081012,0.0087478,0.0077719,0.007345,0.0068311,0.0083741,0.0072105
-0.00073,0.0029504,0.0056305,0.0055668,-0.00174,0.0012192,0.00031317
-0.047571,-0.055351,-0.055431,-0.061973,-0.064124,-0.050583,-0.050817
-0.028507,-0.031317,-0.029502,-0.043682,-0.033583,-0.032133,-0.028071
-0.043191,-0.045646,-0.048661,-0.053288,-0.046776,-0.045594,-0.053844
-0.053531,-0.054453,-0.053636,-0.06509,-0.061025,-0.048639,-0.049156
-0.044357,-0.04921,-0.051931,-0.063821,-0.05017,-0.045955,-0.043683
-0.004,-0.019598,-0.019193,-0.01958,-0.0033972,-0.0068854,-0.0065149
-0.06394,-0.063623,-0.065132,-0.076809,-0.072233,-0.060521,-0.067069
-0.0018947,-0.015355,-0.015361,-0.018058,-0.0057844,-0.0060097,-0.0049736
-0.017096,-0.025005,-0.021039,-0.026761,-0.011939,-0.016168,-0.021372
-0.061016,-0.062716,-0.065359,-0.06915,-0.070202,-0.056633,-0.056266
0.014301,0.0144,0.012274,0.016454,0.025835,0.0061539,0.0026651
-0.052596,-0.056018,-0.055374,-0.063265,-0.069367,-0.055442,-0.059085
-0.047951,-0.043336,-0.043712,-0.062889,-0.050308,-0.047047,-0.052819
-0.060291,-0.055971,-0.058817,-0.070549,-0.066925,-0.055028,-0.056797
-0.043913,-0.049597,-0.045033,-0.060229,-0.05079,-0.042321,-0.046789
-0.048271,-0.039597,-0.040678,-0.046297,-0.045643,-0.037945,-0.035953
-0.054006,-0.049797,-0.049198,-0.059782,-0.06181,-0.050485,-0.060139
-0.046608,-0.044298,-0.039761,-0.051219,-0.056702,-0.043916,-0.057292
-0.042279,-0.035661,-0.037429,-0.047956,-0.044983,-0.039134,-0.033847
-0.060035,-0.055452,-0.050879,-0.061446,-0.070092,-0.05499,-0.065406
-0.045874,-0.039465,-0.036308,-0.044944,-0.050185,-0.037682,-0.04681
-0.024445,-0.025783,-0.021501,-0.025256,-0.028048,-0.026436,-0.020461
-0.039671,-0.037738,-0.038299,-0.047067,-0.047927,-0.038926,-0.050105
-0.037623,-0.032844,-0.029228,-0.038029,-0.030867,-0.033508,-0.030081
-0.023316,-0.022076,-0.023379,-0.020908,-0.024707,-0.021674,-0.022732
-0.048793,-0.044162,-0.040828,-0.043528,-0.056342,-0.047837,-0.053997
-0.041056,-0.040597,-0.036694,-0.056272,-0.042842,-0.044148,-0.049777
-0.060649,-0.054072,-0.054488,-0.070998,-0.066657,-0.057577,-0.066927
-0.019519,-0.02537,-0.017056,-0.028807,-0.021133,-0.024723,-0.018396
-0.052011,-0.042826,-0.045592,-0.063804,-0.053495,-0.048391,-0.057231
-0.039532,-0.040669,-0.037541,-0.054021,-0.043768,-0.037996,-0.032912
-0.011595,-0.01857,-0.014222,-0.015181,-0.018265,-0.014841,-0.017376
0.0026938,-0.0044646,0.0026175,0.00058845,-0.00173,-0.003865,-0.002456
-0.025801,-0.027411,-0.019562,-0.02687,-0.02583,-0.022246,-0.018168
-0.020426,-0.019208,-0.015029,-0.017839,-0.021021,-0.01569,-0.012784
0.016704,0.0087883,0.012468,0.017004,0.020609,0.0087456,0.0062766
0.030445,0.030732,0.031629,0.047094,0.03776,0.019974,0.014668
0.022654,0.031647,0.027758,0.036053,0.034416,0.020256,0.014562
0.027736,0.024902,0.025581,0.030263,0.03083,0.01945,0.016711
0.001571,0.0045228,0.0024032,0.0022199,0.0064828,-0.0071477,-0.0045513
0.02291,0.019055,0.023958,0.037776,0.031032,0.017951,0.0081304
0.016428,0.018322,0.014742,0.019274,0.018688,0.012185,0.010513
0.025858,0.03425,0.031128,0.045786,0.041611,0.028739,0.020933
0.0062751,0.015825,0.016484,0.025119,0.020538,0.0078095,0.010833
-0.0056659,-0.010966,-0.0086407,-0.0092826,-0.011311,-0.0059916,-0.0088046
0.0084472,0.0033453,0.0050731,0.0056101,0.0029076,0.0035985,-0.0060177
0.0028596,-0.0035575,-0.0029789,-0.0020832,-0.0024463,0.00014838,-0.0051853
-0.0035027,-0.010019,-0.0051285,-0.0072043,-0.0076865,-0.0030594,-0.0048097
-0.00027127,-0.0046939,-0.0063974,-0.0022083,-0.0036603,-0.0021719,-0.01054
-0.00029824,-0.0021235,-0.0041582,-0.0059512,-0.0049841,-0.0021469,-0.0075318
0.010111,0.00089146,0.00073464,0.002878,-6.0316e-06,0.0036268,-0.0045176
0.0084069,-0.0006945,0.001177,0.00042375,-0.0014223,0.0021381,0.0010938
-0.024771,-0.032217,-0.019685,-0.02034,-0.035041,-0.029491,-0.032247
-0.005588,-0.011673,-0.0068817,-0.0050588,-0.0076163,-0.013594,-0.010444
-0.023272,-0.021027,-0.020566,-0.021205,-0.016602,-0.020944,-0.018624
-0.04197,-0.040249,-0.040666,-0.043425,-0.053229,-0.042102,-0.037649
-0.035978,-0.033621,-0.031806,-0.03059,-0.034819,-0.032096,-0.026666
0.001979,0.0015845,0.001533,0.0026454,0.0068674,-0.00024857,0.0052195
-0.033877,-0.031007,-0.030065,-0.029728,-0.030207,-0.027699,-0.021531
-0.054979,-0.057731,-0.057025,-0.058591,-0.063719,-0.050213,-0.057498
-0.002733,-0.0070796,-0.003459,0.0016764,-0.00092036,-0.0063469,-0.0083579
-0.00012663,-0.0021889,-0.0034893,0.0019478,-0.0017124,-0.0054684,-0.0079239
-0.0042956,-0.0075294,-0.0047631,-0.0051756,-0.0039585,-0.0034663,-0.006028
-0.0076276,-0.0083178,-0.010542,-0.0064368,-0.0056803,-0.012124,-0.0090947
-0.0051455,-0.011865,-0.0062179,-0.0047005,-0.0040615,-0.010021,-0.011264
0.0022443,-6.9374e-05,-0.0023598,0.00047608,0.00086074,-0.0031536,-0.0051472
-0.0055154,-0.00691,-0.00060334,-0.0020496,-0.00086808,-0.0035422,-0.002232
-0.003876,-0.007386,-0.0052326,-0.0048724,0.00050217,-0.0057813,-0.006261
-0.024365,-0.021426,-0.022798,-0.02117,-0.021498,-0.026936,-0.02274
-0.061801,-0.063953,-0.061465,-0.064393,-0.062372,-0.045591,-0.051548
-0.047023,-0.042259,-0.045155,-0.049036,-0.044875,-0.043252,-0.039553
-0.024409,-0.031175,-0.025027,-0.0322,-0.027283,-0.034708,-0.03654
-0.035941,-0.04204,-0.041223,-0.038734,-0.041732,-0.035311,-0.044689
-0.02204,-0.021524,-0.0098545,-0.0089672,-0.023297,-0.025523,-0.029044
-0.059499,-0.060868,-0.061997,-0.063211,-0.059655,-0.04484,-0.047157
-0.061831,-0.060632,-0.064826,-0.065068,-0.059314,-0.051138,-0.056844
-0.060769,-0.059079,-0.055461,-0.064712,-0.06324,-0.047992,-0.051091
-0.05799,-0.057846,-0.063153,-0.066383,-0.055374,-0.051252,-0.057517
-0.052688,-0.055474,-0.052611,-0.056876,-0.059177,-0.048768,-0.052632
0.038577,0.035363,0.050259,0.057015,0.052074,0.037944,0.054706
0.039441,0.045447,0.052401,0.061439,0.055379,0.041307,0.049152
0.02434,0.022096,0.029961,0.036644,0.045665,0.029623,0.039715
0.034749,0.044513,0.045555,0.053186,0.050954,0.042561,0.048152
0.029227,0.029027,0.036607,0.041826,0.0441,0.03109,0.029717
0.046053,0.049019,0.055337,0.068054,0.058829,0.046703,0.051442
0.037316,0.050143,0.052239,0.062155,0.055662,0.042934,0.040349
0.034232,0.040445,0.042865,0.043881,0.043187,0.024017,0.041502
0.036812,0.050299,0.042774,0.05294,0.038865,0.025109,0.037993
0.03663,0.046543,0.042813,0.056456,0.047066,0.035015,0.029039
0.039654,0.04968,0.050193,0.060577,0.055359,0.03366,0.044998
0.044922,0.05487,0.054378,0.063628,0.05697,0.039854,0.05405
0.038462,0.041432,0.044418,0.0506,0.047422,0.038293,0.035782
0.036429,0.047849,0.04481,0.050609,0.047795,0.031199,0.036226
0.036842,0.039568,0.045487,0.041156,0.044919,0.039609,0.045061
0.027014,0.024467,0.028091,0.020959,0.024101,0.020345,0.024709
0.038476,0.045146,0.049791,0.058368,0.059086,0.042005,0.048189
0.037611,0.04034,0.045943,0.053123,0.055047,0.040108,0.042032
0.039848,0.037562,0.039334,0.047311,0.0412,0.026442,0.027054
0.0076664,0.0020477,0.0042926,-0.00092027,0.0026195,0.0042849,0.011877
0.021453,0.022216,0.017757,0.013239,0.02027,0.013892,0.020876
0.0047858,0.00087351,0.0031566,0.0025336,0.007986,0.010121,0.008185
0.014743,0.022658,0.016632,0.014929,0.015538,0.0095721,0.021155
0.0053392,0.0014611,0.0036792,0.0025852,0.0033708,0.0069693,0.0036116
0.013711,0.0050693,0.0072294,0.0070484,0.0029103,0.0050626,0.0018731
0.031033,0.039059,0.041924,0.038456,0.035851,0.038583,0.039823
0.021144,0.020347,0.019773,0.017499,0.015818,0.015823,0.014337
0.025005,0.034976,0.038991,0.039839,0.041366,0.035627,0.039006
0.0078549,0.0054301,0.0020849,0.0041099,0.0024377,0.0072222,0.0035162
0.022235,0.02298,0.024135,0.030433,0.024474,0.018039,0.024295
0.013119,0.020191,0.022845,0.022056,0.024631,0.012282,0.022557
0.017783,0.013591,0.017946,0.019467,0.020059,0.013768,0.019481
0.036107,0.03402,0.04078,0.03783,0.036213,0.034562,0.036577
0.020097,0.024161,0.023055,0.031429,0.02519,0.022059,0.024516
0.0094942,0.018638,0.027051,0.02949,0.029236,0.01818,0.027785
0.021667,0.018087,0.013915,0.012256,0.0086087,0.014153,0.0060647
-0.0027571,-0.00088877,-1.2171e-05,0.010784,0.012578,0.0051052,0.021911
0.02401,0.020512,0.017897,0.015439,0.013931,0.015176,0.015598
0.025022,0.031057,0.037585,0.035748,0.03291,0.029658,0.039413
0.012979,0.0085899,0.010057,0.0083299,0.010415,0.0084381,0.012121
0.014436,0.011323,0.014449,0.014937,0.011075,0.009995,0.0055527
0.0016994,0.011054,0.009085,0.011372,0.0079487,0.0061636,0.011379
0.0062022,0.0043011,-0.00026012,0.0015578,0.0042511,0.0086744,0.0086515
0.0043767,0.0065351,0.0043716,0.0054627,0.0031466,0.0062647,0.011216
0.020612,0.017396,0.015688,0.015338,0.01172,0.016437,0.0056137
0.00036619,-0.0035342,4.2849e-05,-0.00068562,0.00038014,0.003489,0.0053943
0.0011283,0.0010735,0.002907,0.0038078,-0.001736,0.0073969,-0.0028509
-0.0057689,-0.0044151,-0.0043756,-0.0020127,0.00013757,0.0036557,0.0094385
-0.01801,-0.016769,-0.013499,-0.0067387,-0.009923,-0.003916,0.0058768
-0.02096,-0.015899,-0.013799,-0.01004,-0.014578,-0.0056291,-0.0015778
-0.010763,-0.010451,-0.0048621,-0.0025527,0.00020286,0.00082224,0.0060681
-0.007966,-0.0014427,0.0056373,0.0062475,0.0013115,0.0047324,0.0052426
0.011828,0.010901,0.015434,0.01432,0.012057,0.0090497,0.0098443
0.0048495,-4.5432e-05,0.00014595,-0.0040361,0.0007595,0.0056734,0.0031314
0.00094964,0.0025496,0.0020512,0.0047926,0.0043264,0.0052228,-0.00084371
0.00041041,-0.0018521,-0.0032535,-0.0023524,-0.0007849,0.0025205,0.00042657
0.0105,0.00061611,0.005566,0.0056057,0.0057764,0.012805,-0.0022818
-0.0082115,-0.0016223,-0.002145,0.0097314,-0.0031756,-0.00093476,0.0031246
0.0067452,-0.0019555,0.00026835,-0.00062919,0.001108,0.0063389,-2.2277e-05
0.0023561,0.0052092,0.0064589,0.0052982,0.0066209,0.0065273,0.015153
0.0031879,0.00075586,0.0080911,0.007412,0.0093315,0.011513,0.024687
0.0040525,0.0031134,0.0086737,0.0085891,0.008213,0.010232,0.021655
0.0076934,0.00030489,0.0044525,0.0073226,0.013515,0.012444,0.022963
0.0039899,0.0019063,-0.0002718,-0.0030571,0.0071014,0.0079147,0.003967
0.0035824,0.0037254,0.0019832,0.0060462,0.01107,0.006836,0.0075178
-0.0025838,-0.0029433,-0.0041377,-0.0013738,0.0022163,0.00022925,-0.0017561
-0.00080175,0.0022561,0.0037163,0.0060515,0.0059936,0.0081803,0.0033569
0.0034058,0.0070808,0.00072352,0.0034598,0.01002,0.0082559,0.0054949
0.0049721,0.0067491,0.0037818,0.0049989,0.010593,0.010902,0.005403
-0.00043113,0.00052144,-0.002866,6.9517e-05,0.0029322,0.007968,0.00066368
0.00068742,0.0022446,-0.0062998,-0.0009129,0.0010607,0.0031215,-0.0050711
0.0033923,0.00037393,-0.0053628,-0.0027582,0.0037009,0.0017813,0.0019284
-0.0035844,0.0041053,0.0039862,0.0092835,-0.0026564,-0.00082173,-0.0020593
0.0010116,0.0086081,0.0037069,0.0064013,0.002174,0.001164,0.0026881
0.013322,0.0014763,0.0048285,0.0017126,0.010134,0.0090736,0.012129
0.021459,0.022472,0.025834,0.025443,0.033445,0.016489,0.018694
-0.039106,-0.034242,-0.031573,-0.027456,-0.043207,-0.03167,-0.031733
-0.012825,-0.016507,-0.014393,-0.011255,-0.016987,-0.019935,-0.016029
-0.058971,-0.061105,-0.059547,-0.066923,-0.061002,-0.051077,-0.059805
-0.066341,-0.066439,-0.068212,-0.075596,-0.069049,-0.061605,-0.060167
0.026738,0.032987,0.034017,0.030521,0.031755,0.023403,0.034213
0.033688,0.037398,0.040982,0.038957,0.038752,0.037577,0.032863
0.020824,0.019558,0.018267,0.016615,0.016833,0.016195,0.022858
0.0049195,0.00098792,0.0052822,0.0054832,0.0052395,0.0072657,0.0016335
-0.0024036,0.0024773,0.0081052,0.0049284,0.0058544,0.0078,0.0078206
0.011644,0.0068326,0.012276,0.016794,0.0098258,0.0093623,0.0090416
0.0040094,-0.00036068,-0.0021238,-0.0027773,0.0031673,-0.0023312,-0.0060975
0.021578,0.022088,0.024331,0.032044,0.033692,0.014901,0.022325
-0.060805,-0.062364,-0.063939,-0.077486,-0.068362,-0.05671,-0.060619
-0.055459,-0.05865,-0.05778,-0.070222,-0.064147,-0.058694,-0.059316
-0.055788,-0.04968,-0.046125,-0.05958,-0.066156,-0.050492,-0.057907
-0.059764,-0.05178,-0.046329,-0.060492,-0.062577,-0.047033,-0.059289
-0.013046,-0.014505,-0.0072826,-0.016832,-0.015588,-0.01193,-0.010868
0.027254,0.038031,0.039779,0.039377,0.039861,0.028295,0.036108
0.035912,0.039748,0.04288,0.038227,0.044336,0.033242,0.035469
0.033707,0.041959,0.044532,0.044307,0.051232,0.035833,0.036623
0.038652,0.048554,0.050019,0.057344,0.055442,0.04241,0.050591
-0.051781,-0.045627,-0.044392,-0.049806,-0.056303,-0.045904,-0.053395
0.017077,0.01003,0.020069,0.016893,0.021512,0.024659,0.018676
0.048913,0.048418,0.045512,0.053301,0.051147,0.03968,0.048251
0.0011869,0.0025107,-0.0026306,-0.0020286,0.0017122,0.0043362,-0.0013913
0.0015476,0.0024348,-0.0016731,-0.0015143,0.0021415,0.0047703,0.00013814
-0.025713,-0.028351,-0.022004,-0.023574,-0.029381,-0.018302,-0.015195
-0.052782,-0.051934,-0.055234,-0.061364,-0.056008,-0.042981,-0.047611
-0.052548,-0.05564,-0.058087,-0.067693,-0.061229,-0.047192,-0.05238
-0.044296,-0.051622,-0.050227,-0.058136,-0.051227,-0.038242,-0.04679
-0.040229,-0.039978,-0.04191,-0.051925,-0.043243,-0.03711,-0.03868
-0.026148,-0.032627,-0.035913,-0.045592,-0.030644,-0.027619,-0.034116
-0.010174,-0.0162,-0.016501,-0.01222,-0.01233,-0.013948,-0.012388
0.0097614,0.011375,0.0066992,4.6222e-05,0.00075357,0.0047999,0.0063045
0.010311,0.014756,0.0060154,0.0026503,0.006297,0.0052296,0.007615
0.039043,0.044202,0.04713,0.055864,0.054073,0.038348,0.044238
-0.0027058,-0.0036567,-0.0034105,-0.0046375,-0.0022667,-0.0028692,0.0014011
-0.059916,-0.061946,-0.063381,-0.066364,-0.062065,-0.046388,-0.059817
-0.058263,-0.056873,-0.057349,-0.058984,-0.061035,-0.0426,-0.053598
0.045269,0.040892,0.051725,0.061155,0.057736,0.045922,0.04912
0.013436,0.016075,0.013751,0.019251,0.018073,0.015274,0.020788
-0.053859,-0.059393,-0.055317,-0.053771,-0.063809,-0.044863,-0.059561
-0.0010997,-0.0021094,0.0044486,0.00094617,0.0023874,0.0097039,0.014234
0.022807,0.028535,0.030966,0.030608,0.032288,0.031026,0.037749
0.00061658,0.0021269,-0.0021292,-0.0016147,0.0034575,0.0031481,0.0030278
0.031608,0.04283,0.041032,0.040505,0.042706,0.022517,0.032068
0.017451,0.016515,0.01144,0.0096548,0.015465,0.0096783,0.016802
0.01169,0.0086859,0.0048516,0.0089148,0.0096095,0.0076733,0.010945
0.025521,0.017815,0.016338,0.011992,0.015703,0.0053287,0.0060328
0.0095447,0.010464,0.006386,-0.0027466,-0.0055291,-0.0072029,-0.0054221
-0.055169,-0.060618,-0.059933,-0.060868,-0.059227,-0.043134,-0.0493
0.0057499,0.015068,0.01357,0.0054911,0.0062432,0.013704,0.010773
0.038003,0.044129,0.039844,0.042989,0.044031,0.027196,0.038477
-0.038517,-0.038953,-0.041557,-0.042157,-0.047702,-0.037993,-0.041588
0.044064,0.041517,0.044239,0.055348,0.049406,0.036039,0.039152
0.0065814,0.002104,-0.004053,0.001815,0.0049069,0.0049842,-0.0022088
-0.017155,-0.014679,-0.011137,-0.023549,-0.023175,-0.023545,-0.020236
0.035391,0.041425,0.040625,0.048729,0.045956,0.036318,0.042492
0.0061784,0.0032718,-6.5156e-05,-0.0039569,-0.0048772,0.0016785,-0.0029681
-0.0086819,-0.010891,-0.014758,-0.018364,-0.019405,-0.007841,-0.022285
-0.0053641,-0.0059855,-0.0045166,-0.0018026,-0.0038077,-0.0015124,0.0035363
0.012048,0.0075777,0.0010324,0.0049473,0.0079455,0.0072433,-0.00032403
-0.0030385,-0.0016114,0.00065669,0.0039376,0.0003197,-0.00013442,0.0039573
-0.0043764,-0.0034434,-0.00037141,0.0019233,-0.0065971,0.00057238,0.0012932
0.0018041,0.0024307,0.0016467,0.012102,0.0073296,0.0074221,0.01004
0.0048908,0.0044458,0.0040289,-0.00061666,0.0013099,-0.0019185,0.0029356
0.00080212,0.0047077,0.0020067,0.0068287,0.0037555,0.00023422,0.0074223
0.0047782,0.0069055,0.0072866,-0.0014994,0.0025891,-0.002546,0.0053625
-0.061017,-0.05829,-0.06139,-0.072387,-0.066493,-0.047957,-0.052286
-0.0034457,-0.0016026,-0.0016138,-0.0016488,0.0028212,-0.0059777,-0.0010315
-0.0082632,-0.0046064,-0.0022569,-0.0070984,-0.014604,-0.015674,-0.0071254
-0.015841,-0.010159,-0.0017657,-0.0029023,-0.0050164,-0.0010303,-0.0059191
0.0018709,0.00073652,-0.0023598,-0.008857,-0.00031422,-0.0018131,-0.00031906
-0.00067651,0.0077416,0.0062406,0.0016897,0.009195,-2.8692e-05,0.005664
0.033207,0.033944,0.039937,0.044912,0.044399,0.0335,0.029667
-0.003295,-0.0022675,-0.00442,-0.0099665,-0.010647,-0.007952,-0.0072622
0.017746,0.020609,0.015023,0.013825,0.018181,0.011942,0.0070655
0.029017,0.025732,0.029794,0.038069,0.037639,0.029297,0.025313
0.014555,0.011568,0.0095093,0.016226,0.0087334,0.0092011,0.0027784
-0.0061908,-0.0016449,-0.0084386,-0.0068327,-0.0029298,-0.0035652,-0.0066391
0.01445,0.0098132,0.0041929,0.0087502,0.0081402,0.0085303,0.0069481
0.024297,0.022123,0.023951,0.020109,0.021509,0.015896,0.029688
0.0026704,-0.0024343,0.0082269,0.0029474,0.0027152,0.0061863,0.010977
0.0039962,0.015549,0.013945,0.019847,0.013781,0.012055,0.017178
-0.023882,-0.02264,-0.016926,-0.019841,-0.021899,-0.016214,-0.016861
0.025332,0.028315,0.030429,0.038521,0.030613,0.021656,0.022614
0.025598,0.035128,0.030369,0.0189,0.026985,0.014249,0.027368
0.030383,0.035027,0.039997,0.044548,0.03996,0.029367,0.017977
-0.032346,-0.031523,-0.02963,-0.039593,-0.033044,-0.034165,-0.030413
0.014222,0.014203,0.015419,0.0041908,0.0029687,-0.004496,0.0052017
0.013153,0.023744,0.014229,0.018416,0.0068575,-0.0056345,0.001303
-0.013582,-0.018683,-0.016631,-0.021507,-0.016656,-0.019482,-0.018641
-0.0069594,0.0010657,-0.0029496,-0.00060808,-0.0028279,-4.5939e-05,0.00044341
0.0056141,0.0038101,0.0049551,0.008354,0.0064494,0.012045,0.016958
0.02131,0.018644,0.024491,0.025393,0.028436,0.028753,0.027853
0.016113,0.017998,0.020205,0.02713,0.018178,0.026552,0.026091
0.012296,0.0091803,0.01365,0.015597,0.0098727,0.020254,0.0233
0.0082129,0.0041614,0.0096539,0.0062532,0.0085209,0.017655,0.021685
0.0199,0.024023,0.013291,0.018938,0.010633,0.010614,0.01051
-0.011768,-0.010476,-0.0092651,-0.01633,-0.016557,-0.015783,-0.016686
0.01272,0.014999,0.013915,0.016306,0.016777,0.014363,0.025582
-0.039593,-0.047509,-0.051444,-0.053231,-0.057661,-0.046656,-0.05168
-0.0093814,-0.020683,-0.026911,-0.029855,-0.015433,-0.015564,-0.023829
0.029307,0.026514,0.029253,0.036557,0.0336,0.029384,0.039209
0.02187,0.024934,0.024835,0.018503,0.017547,0.0018953,0.010305
0.0037371,0.017043,0.012741,0.0095754,0.0030818,-0.0079432,0.0011689
-0.0039455,-0.00032968,-0.0091685,-0.0028026,-0.0086473,-0.020632,-0.015857
-0.011121,-0.011692,-0.022309,-0.024049,-0.032004,-0.022875,-0.029044
0.0031225,0.0041913,0.0062759,0.0065245,0.0083568,0.0053968,0.0172
0.0089185,0.018156,0.011063,0.018425,0.0071247,-0.0048773,-0.0029833
0.03125,0.038976,0.039511,0.043883,0.039637,0.032267,0.039494
0.029053,0.03188,0.031674,0.042529,0.041779,0.030922,0.042677
-0.0030176,0.0069931,0.0050583,0.0067467,-1.7188e-05,0.0049938,0.0026415
0.0025731,0.0045332,0.012462,0.012375,0.009038,0.017809,0.023489
0.03217,0.032376,0.02889,0.036348,0.028733,0.023723,0.030967
0.0020269,0.0025834,0.0024408,0.0081402,0.0059003,0.012622,0.017124
0.0022882,-0.00014469,0.0023201,0.0060857,0.0097496,0.0090644,0.022382
0.0091018,0.01803,0.011819,0.013417,0.011844,0.014876,0.01589
0.026063,0.03229,0.030778,0.023621,0.030597,0.031035,0.036294
0.038046,0.038343,0.035791,0.03814,0.044023,0.035052,0.040854
0.033004,0.038705,0.036888,0.037844,0.039185,0.038513,0.047819
0.0043604,0.0073134,0.0049917,0.004281,0.013001,0.0062533,0.006012
-0.0012383,-0.0013606,-0.0051279,-0.0025114,0.0037414,0.00094383,0.00018039
0.0076035,0.012298,0.00722,0.0057611,0.01026,0.0080143,0.0062062
0.013187,0.014252,0.01518,0.018008,0.018156,0.024322,0.020823
0.0041793,0.0019613,-0.0068389,0.00018347,0.0041575,0.0030225,0.0016023
0.0032873,0.0017994,-0.0019902,0.00083427,0.00066247,0.0016107,0.00074778
-0.0015608,-0.0026846,-0.0082032,-0.0011686,-0.0094049,0.0018784,-0.0064771
0.0034851,0.00079115,0.0013491,0.00020309,0.0048568,0.0091298,0.0083596
0.010645,0.015248,0.015079,0.013968,0.014982,0.013953,0.02051
0.0046874,0.0023415,-0.0056538,0.0022743,0.002121,0.00065902,0.00063092
0.0023654,0.0027329,-0.009059,0.00018248,-0.0025058,0.00070259,-0.0018981
0.0096938,0.0088352,0.0082844,0.0058127,0.0088847,0.008088,0.013136
0.0015025,0.00035363,0.00013128,0.0015912,0.005092,0.0022532,0.0058594
0.0051517,-0.00062156,0.001371,0.00054178,0.00093244,0.0077753,0.0075087
0.0013725,0.0009592,-0.00056311,0.0014692,-0.0010386,0.0029757,0.0075505
0.015132,0.014369,0.01458,0.021943,0.015223,0.017543,0.023045
0.010112,0.019727,0.020061,0.021747,0.016059,0.019431,0.024068
0.0034369,0.0045615,0.0010134,-0.00022132,0.0055319,0.0042995,0.004394
0.016107,0.015803,0.01217,0.0097835,0.010493,0.011091,0.017822
0.013365,0.0047471,0.0079165,0.0059283,0.0067491,0.0090228,0.012018
0.016234,0.013648,0.008172,0.0064544,0.011241,0.0104,0.017106
0.0092183,0.0054759,0.0083357,0.006302,0.0093657,0.012971,0.013244
0.016774,0.01072,0.01066,0.0064264,0.011894,0.016207,0.014868
0.0095197,0.0085473,0.0078281,0.010472,0.0059113,0.012529,0.012419
0.010417,0.0099129,0.0081766,0.0095157,0.0093479,0.011735,0.010816
0.01529,0.014263,0.011382,0.013383,0.011829,0.011485,0.011903
0.012247,0.012122,0.013686,0.013773,0.012283,0.017515,0.014117
0.019926,0.012638,0.014203,0.0131,0.011766,0.01163,0.020003
0.02469,0.018126,0.020989,0.023569,0.022425,0.026652,0.023443
0.015038,0.011929,0.0049833,0.0075233,0.0045761,0.0083845,0.0091901
0.019617,0.015438,0.0080989,0.010498,0.0083732,0.012231,0.01129
0.015416,0.017066,0.011416,0.010635,0.01247,0.010761,0.014724
0.017625,0.018287,0.0087142,0.0095507,0.011789,0.012298,0.015175
