-0.04907,-0.040224,-0.038295,-0.037091,-0.036088,-0.048507,-0.045946
0.0062791,0.00881,0.0068952,0.0099191,0.013447,0.020093,0.012492
0.064343,0.064653,0.064692,0.057742,0.059538,0.065141,0.066679
0.032721,0.042169,0.034187,0.041421,0.043809,0.036465,0.020368
0.080619,0.07776,0.081234,0.075675,0.073273,0.072203,0.078007
0.054545,0.057775,0.059338,0.046373,0.054249,0.052781,0.0584
0.06195,0.069982,0.071881,0.069423,0.071494,0.065777,0.064142
0.051724,0.053966,0.052818,0.051074,0.048061,0.051005,0.044446
0.07328,0.079672,0.081993,0.077607,0.066447,0.072768,0.062569
0.0091892,0.011317,0.015625,0.012441,0.013506,0.025785,0.023575
0.063276,0.067834,0.066185,0.064188,0.059006,0.055597,0.041416
-0.024474,-0.016825,-0.018491,-0.015323,-0.014352,-0.0058771,-0.020707
0.06704,0.067215,0.073117,0.065013,0.062782,0.061189,0.070016
0.069034,0.071863,0.075431,0.068404,0.062086,0.068663,0.073889
0.07439,0.070301,0.070434,0.070434,0.062841,0.061487,0.068504
0.023007,0.031413,0.034319,0.021247,0.035827,0.036186,0.027211
0.077724,0.077552,0.079733,0.075183,0.069258,0.077781,0.078758
0.04097,0.039587,0.043662,0.041759,0.044392,0.044672,0.042038
0.070768,0.078566,0.078992,0.073047,0.066779,0.064639,0.064623
0.068681,0.076212,0.081089,0.077584,0.065734,0.074539,0.077856
0.068931,0.069453,0.072983,0.067504,0.064993,0.06307,0.071362
0.049984,0.054816,0.058453,0.048826,0.048526,0.056381,0.056997
0.069859,0.07211,0.078013,0.077109,0.06681,0.071566,0.079311
0.022679,0.02082,0.025162,0.028453,0.0307,0.034222,0.027622
-0.07377,-0.072664,-0.070106,-0.072184,-0.068254,-0.067294,-0.071792
-0.088655,-0.097924,-0.10453,-0.096264,-0.097313,-0.097004,-0.10205
-0.064718,-0.075683,-0.086747,-0.082045,-0.078564,-0.077752,-0.082353
-0.025359,-0.031558,-0.035161,-0.029106,-0.014942,-0.016419,-0.032741
-0.071186,-0.082283,-0.086422,-0.07596,-0.073972,-0.082783,-0.083678
0.052537,0.053074,0.05309,0.047656,0.048791,0.054511,0.055996
-0.095754,-0.098315,-0.10879,-0.093649,-0.10436,-0.092863,-0.090382
0.069101,0.072271,0.067529,0.059797,0.059072,0.066348,0.06828
-0.028935,-0.032453,-0.025217,-0.025963,-0.012581,-0.0069723,-0.013367
-0.026531,-0.030991,-0.036486,-0.035929,-0.020437,-0.015697,-0.024638
-0.063218,-0.062159,-0.067898,-0.058467,-0.069945,-0.064276,-0.052805
-0.031235,-0.036391,-0.038942,-0.045015,-0.027806,-0.035118,-0.026752
-0.018444,-0.015822,-0.010435,-0.017439,-0.0053529,-0.0058093,-0.019601
-0.072301,-0.066271,-0.066271,-0.070473,-0.072379,-0.070611,-0.063656
-0.028255,-0.048958,-0.050961,-0.042822,-0.04687,-0.03153,-0.031207
-0.029008,-0.042249,-0.033954,-0.038356,-0.036842,-0.021587,-0.027774
-0.035463,-0.041304,-0.039589,-0.037084,-0.026195,-0.035712,-0.034111
-0.094328,-0.092447,-0.094594,-0.095781,-0.10005,-0.091572,-0.084592
-0.010864,-0.017704,-0.010483,-0.019208,-0.011409,-0.0031884,-0.008252
-0.059341,-0.062761,-0.065672,-0.058047,-0.045889,-0.047263,-0.05531
-0.0074528,-0.01332,-0.011753,-0.0020794,-0.001051,0.0013439,-0.013592
0.016922,0.023277,0.023134,0.025648,0.020001,0.016067,-0.0010893
-0.073172,-0.085349,-0.089116,-0.089659,-0.087546,-0.088091,-0.088805
-0.054316,-0.06926,-0.066653,-0.062703,-0.067999,-0.056843,-0.057144
-0.092227,-0.094622,-0.096596,-0.093702,-0.10221,-0.093888,-0.091542
-0.082372,-0.084186,-0.081849,-0.083095,-0.084313,-0.090412,-0.089794
-0.033559,-0.046856,-0.042949,-0.04269,-0.036998,-0.041269,-0.050382
-0.051392,-0.064804,-0.068228,-0.067726,-0.06319,-0.064707,-0.067611
-0.043355,-0.059365,-0.059936,-0.052608,-0.049329,-0.04063,-0.058125
-0.0047309,-0.0019783,-0.0041921,-0.0023306,0.0064438,0.015099,0.0038403
-0.026279,-0.027336,-0.028628,-0.028812,-0.01074,-0.0082503,-0.016813
-0.065246,-0.069317,-0.071222,-0.069747,-0.071929,-0.065538,-0.064704
-0.042229,-0.039754,-0.037666,-0.036992,-0.029757,-0.040745,-0.04439
-0.05163,-0.061048,-0.06075,-0.061423,-0.059543,-0.054648,-0.063462
-0.029627,-0.025777,-0.030074,-0.027387,-0.026782,-0.017406,-0.03035
-0.07255,-0.068084,-0.075312,-0.074454,-0.060845,-0.052555,-0.065413
-0.046648,-0.052194,-0.055388,-0.052988,-0.0431,-0.040118,-0.048552
-0.042024,-0.046257,-0.051667,-0.049459,-0.043604,-0.038325,-0.044318
0.0062826,0.013286,0.0091935,0.0084679,0.013557,0.026265,0.015729
-0.0078514,-0.0063414,-0.0069917,-0.0027681,-0.00028214,0.0028483,-0.00018708
0.030366,0.036198,0.027514,0.027635,0.033918,0.040344,0.036953
-0.023938,-0.021031,-0.02188,-0.014715,-0.012733,-0.015709,-0.017466
-0.04006,-0.029661,-0.039969,-0.021936,-0.032255,-0.027066,-0.020165
-0.023456,-0.029188,-0.017412,-0.019608,-0.019731,-0.024008,-0.030226
-0.059523,-0.05383,-0.050787,-0.047666,-0.048545,-0.035984,-0.035468
-0.043273,-0.03863,-0.039962,-0.037116,-0.032744,-0.024441,-0.029005
0.0074231,0.014919,0.0067698,0.0011984,0.0102,0.018428,0.015103
-0.037633,-0.030833,-0.041658,-0.023362,-0.031286,-0.031918,-0.015775
-0.043629,-0.038167,-0.035857,-0.034035,-0.020311,-0.024718,-0.026147
-0.033616,-0.024214,-0.024295,-0.023861,-0.022589,-0.01987,-0.039805
-0.023254,-0.027589,-0.017474,-0.013905,-0.013895,0.00084858,-0.0020778
0.054341,0.05289,0.048574,0.044146,0.047707,0.053684,0.044521
0.061823,0.067745,0.068121,0.056031,0.059865,0.060288,0.053197
0.080306,0.08381,0.079986,0.071359,0.069046,0.0611,0.06105
0.069436,0.072739,0.07346,0.063626,0.065963,0.065771,0.066739
0.07847,0.079908,0.078482,0.063878,0.066016,0.063209,0.061655
0.01129,0.013502,0.010445,0.016615,0.021288,0.030328,0.012397
0.048001,0.054915,0.050104,0.052311,0.052954,0.061188,0.04862
-0.046926,-0.047123,-0.051927,-0.043974,-0.042731,-0.038432,-0.050464
-0.023833,-0.021286,-0.018921,-0.016963,-0.021018,-0.011417,-0.018799
0.074296,0.079307,0.082034,0.077919,0.071028,0.07837,0.071314
0.067512,0.072588,0.074696,0.068998,0.06614,0.072912,0.066741
-0.019331,-0.01935,-0.01545,-0.02113,0.00116,-0.011983,-0.011635
-0.077202,-0.071514,-0.08136,-0.069596,-0.07657,-0.072506,-0.070394
-0.078418,-0.083455,-0.096079,-0.07937,-0.0841,-0.077937,-0.074289
-0.08691,-0.092606,-0.095759,-0.089899,-0.093129,-0.08373,-0.082946
-0.094151,-0.092422,-0.098457,-0.094393,-0.098468,-0.097489,-0.095529
-0.091421,-0.089186,-0.09124,-0.081795,-0.092476,-0.086965,-0.078534
-0.081973,-0.084783,-0.086985,-0.07047,-0.073922,-0.069633,-0.05654
-0.028836,-0.03943,-0.030146,-0.023397,-0.0053776,-0.011723,-0.0081347
-0.085866,-0.098624,-0.095852,-0.085429,-0.092647,-0.074683,-0.078738
-0.080025,-0.090835,-0.090873,-0.082001,-0.087838,-0.071733,-0.07143
-0.036381,-0.036408,-0.037759,-0.03424,-0.027679,-0.023017,-0.031849
0.023848,0.026325,0.02293,0.023892,0.028319,0.037853,0.026841
0.076186,0.081148,0.075444,0.069359,0.066426,0.057756,0.055119
0.03235,0.033015,0.031025,0.034244,0.030817,0.036378,0.017943
-0.051624,-0.059841,-0.065058,-0.044946,-0.062773,-0.042813,-0.044956
0.07698,0.079822,0.080247,0.071411,0.071878,0.063512,0.068587
0.048053,0.052247,0.046439,0.049578,0.047459,0.046774,0.036094
0.0070729,0.0021313,0.0051916,-0.0052063,0.0056548,0.017132,0.0051226
0.019056,0.019305,0.015902,0.017976,0.022509,0.026875,0.013705
0.058591,0.057912,0.053587,0.051509,0.056067,0.057173,0.039524
0.055769,0.060518,0.05629,0.04991,0.056528,0.052738,0.050157
-0.075102,-0.073612,-0.07368,-0.057908,-0.060857,-0.044341,-0.04228
-0.090675,-0.082009,-0.084706,-0.087714,-0.087284,-0.096517,-0.08688
-0.087182,-0.087053,-0.095092,-0.082879,-0.089873,-0.085212,-0.077274
0.031275,0.036338,0.035372,0.033997,0.030541,0.030034,0.012989
-0.089194,-0.087857,-0.095478,-0.093286,-0.098668,-0.094215,-0.1042
0.0058439,0.022926,0.021642,0.0070288,0.02427,0.010807,-0.0090939
-0.076631,-0.088438,-0.09289,-0.08517,-0.093478,-0.10058,-0.10085
0.063823,0.064952,0.06428,0.070592,0.064453,0.063355,0.054699
0.017582,0.036787,0.032537,0.024622,0.037949,0.026029,0.0082991
0.049523,0.060549,0.054688,0.062391,0.052256,0.053902,0.044828
-0.014827,0.0019072,0.0043105,0.016771,0.0038518,0.0098459,-0.0020475
-0.055194,-0.054274,-0.050219,-0.06099,-0.058119,-0.060334,-0.068431
-0.097062,-0.10692,-0.11417,-0.11086,-0.11626,-0.12267,-0.11404
-0.10743,-0.11009,-0.12161,-0.11715,-0.1249,-0.12734,-0.11469
-0.086032,-0.090234,-0.098153,-0.09192,-0.10394,-0.10976,-0.097375
-0.080471,-0.077943,-0.086431,-0.086838,-0.093875,-0.1061,-0.10011
-0.015975,-0.010233,-0.013265,-0.0039514,-0.0024825,-0.014323,-0.0090277
-0.043234,-0.038088,-0.031785,-0.033897,-0.028011,-0.04518,-0.033842
-0.056029,-0.036139,-0.041131,-0.035917,-0.044004,-0.045534,-0.038662
-0.032033,-0.016862,-0.0040601,-0.0035968,-0.011576,-0.017528,4.9587e-05
-0.035804,-0.033995,-0.025181,-0.036207,-0.034512,-0.034203,-0.041927
-0.030075,-0.015652,-0.023802,-0.017405,-0.023979,-0.038846,-0.022939
-0.020393,-0.0077548,-0.0054107,0.0092773,-0.010365,-0.015977,-0.015984
0.035406,0.044241,0.048832,0.049061,0.041255,0.038977,0.036646
-0.00023367,0.014758,0.017267,0.018462,0.01589,0.015076,0.015355
0.048003,0.048578,0.05126,0.04996,0.045879,0.039111,0.046887
0.043783,0.055356,0.053285,0.055111,0.049488,0.049725,0.057474
0.041304,0.044342,0.05074,0.04625,0.036802,0.035777,0.035951
0.046879,0.0536,0.053726,0.052386,0.048067,0.046282,0.056165
0.047962,0.050496,0.057429,0.05182,0.050504,0.041053,0.04385
0.029755,0.034752,0.038847,0.039605,0.035165,0.026031,0.031748
0.044489,0.048483,0.054043,0.050294,0.04806,0.043493,0.048616
0.046135,0.050882,0.0558,0.053884,0.046068,0.04437,0.041421
0.031291,0.039299,0.039868,0.041631,0.035822,0.019854,0.027913
0.015724,0.025481,0.025799,0.027755,0.01938,0.013449,0.019522
0.044694,0.050122,0.055712,0.053812,0.045043,0.045814,0.046242
0.055492,0.056311,0.05404,0.051014,0.042205,0.043089,0.042515
0.0018702,-0.0042928,-0.0059454,0.0014582,-0.0052002,-0.0058604,-0.01925
0.04945,0.047386,0.046406,0.046416,0.036801,0.038822,0.039231
0.062886,0.061394,0.061673,0.056772,0.05232,0.058058,0.052785
0.029853,0.04035,0.038161,0.040938,0.024794,0.018555,0.03317
0.047797,0.044115,0.047123,0.049866,0.031207,0.033376,0.037761
0.0072149,0.0113,0.014498,0.015865,0.00086944,-0.019573,0.00073235
0.06302,0.062823,0.061954,0.056455,0.051655,0.056323,0.04996
0.019653,0.02197,0.020815,0.02591,0.006769,0.012948,0.015748
0.062853,0.060375,0.064391,0.058309,0.054151,0.059145,0.055525
0.054829,0.05566,0.049373,0.047774,0.047919,0.044458,0.043816
0.062838,0.059934,0.058545,0.053787,0.056561,0.054406,0.052026
0.050683,0.04853,0.051415,0.047446,0.041014,0.035521,0.043584
0.063373,0.059263,0.06462,0.058123,0.058563,0.058442,0.059259
0.062774,0.061264,0.067216,0.057191,0.062229,0.054177,0.056133
0.044352,0.045261,0.044354,0.042569,0.039928,0.042448,0.038765
0.033318,0.044122,0.038227,0.042234,0.026964,0.020894,0.039303
0.065677,0.05879,0.065716,0.056767,0.061758,0.05863,0.05344
0.063272,0.058324,0.061305,0.054947,0.057422,0.050635,0.047626
0.029571,0.040317,0.04067,0.038994,0.028951,0.025642,0.028964
0.024382,0.028941,0.020901,0.027078,0.034587,0.020554,0.021119
-0.0086794,-0.0068618,-0.016828,-0.013104,-0.0063093,-0.015582,-0.013145
0.022939,0.030012,0.022677,0.017586,0.028741,0.02223,0.024682
0.058999,0.057002,0.056028,0.053834,0.059654,0.052135,0.050784
0.0064721,0.0030812,-0.0078136,-0.0034692,-0.0042616,-0.0087872,-0.0091198
0.065732,0.061554,0.06033,0.056311,0.056079,0.056676,0.053739
0.061057,0.052834,0.051774,0.049806,0.052283,0.04801,0.04882
0.048,0.045143,0.045969,0.038412,0.049209,0.041553,0.04476
0.057864,0.052214,0.051852,0.045514,0.060835,0.048209,0.052794
0.043307,0.038183,0.034853,0.034275,0.038829,0.029666,0.034933
-0.093768,-0.096022,-0.10277,-0.094365,-0.095459,-0.10235,-0.10118
0.047325,0.042681,0.047376,0.041745,0.053454,0.040364,0.041189
-0.022232,-0.027328,-0.039329,-0.032518,-0.029175,-0.041061,-0.034807
0.057232,0.053488,0.059134,0.048409,0.061046,0.049843,0.051046
-0.0074181,-0.004646,-0.0080355,0.0012361,-0.0013956,-0.012868,-0.011682
0.043802,0.042641,0.041044,0.033009,0.045018,0.035625,0.041341
0.019755,0.021408,0.018172,0.022761,0.027537,0.033306,0.017482
-0.0061745,-0.0028169,-0.013406,-0.015623,-0.010139,-0.020477,-0.013022
-0.1125,-0.11619,-0.11995,-0.11986,-0.12607,-0.12424,-0.11936
0.016261,0.016544,0.020504,0.020616,0.021903,-0.0024653,0.022109
-0.074118,-0.073485,-0.081267,-0.075124,-0.081392,-0.088289,-0.080138
0.035079,0.038368,0.044578,0.033542,0.041667,0.027409,0.033148
0.025594,0.031781,0.029622,0.029732,0.038437,0.042898,0.036379
-0.0087895,0.0016972,0.0025491,0.006334,0.01533,0.005635,0.0097205
0.054084,0.051057,0.055633,0.042142,0.055677,0.054695,0.055225
0.05295,0.050216,0.046614,0.039477,0.049139,0.043016,0.048777
-0.019911,-0.023537,-0.02048,-0.019271,-0.011224,-0.025559,-0.01721
0.020942,0.030934,0.025715,0.028016,0.024966,0.029388,0.028889
0.063892,0.057132,0.060347,0.053117,0.058814,0.054986,0.053307
-0.030142,-0.030706,-0.024593,-0.0094521,-0.021985,-0.017794,-0.0025363
0.0038097,0.0077923,0.0031328,0.0043028,0.0087573,0.0089924,0.00059473
0.06014,0.056677,0.059875,0.051635,0.056958,0.055183,0.051604
0.058411,0.05434,0.053022,0.049415,0.059898,0.050037,0.048828
-0.024304,-0.015031,-0.00665,-0.016072,-0.0014601,-0.0062264,0.0050504
0.049832,0.051415,0.052618,0.045503,0.048841,0.051001,0.043631
0.035393,0.035577,0.036378,0.029026,0.033746,0.028911,0.025831
0.071785,0.067905,0.070221,0.064947,0.058577,0.054685,0.063402
0.073177,0.073841,0.080707,0.075026,0.071176,0.077526,0.080772
0.078083,0.072872,0.075502,0.06666,0.061695,0.063614,0.065837
0.06859,0.072585,0.074918,0.07637,0.069799,0.071687,0.077573
0.077001,0.080676,0.081909,0.082152,0.073763,0.073672,0.074445
0.069364,0.07301,0.078847,0.076818,0.068742,0.0713,0.079708
0.077853,0.07219,0.077195,0.068928,0.064925,0.069708,0.070238
0.069137,0.074881,0.078745,0.075723,0.067893,0.071813,0.081544
0.075418,0.075931,0.079738,0.078864,0.068734,0.073019,0.074711
0.06729,0.070036,0.074013,0.069529,0.063672,0.068399,0.063729
0.076236,0.07518,0.076719,0.074468,0.071519,0.07818,0.080717
0.074482,0.065129,0.068728,0.061942,0.058044,0.057477,0.062052
0.049927,0.047814,0.057009,0.049931,0.052324,0.061081,0.052492
0.063784,0.062641,0.067806,0.066414,0.063532,0.067168,0.068681
0.065965,0.065061,0.068691,0.066902,0.063352,0.070383,0.073071
0.0095263,0.012385,0.016456,0.013803,0.02323,0.025372,0.018997
0.055039,0.054098,0.057749,0.043031,0.049632,0.059591,0.058591
0.048415,0.044886,0.045423,0.036776,0.042756,0.056238,0.054767
0.014302,0.012141,0.026402,0.016182,0.025286,0.02157,0.014421
0.073114,0.066057,0.067533,0.059668,0.058222,0.066194,0.06543
0.040201,0.029694,0.036216,0.025088,0.041219,0.041041,0.039483
0.041092,0.028241,0.035392,0.023783,0.040227,0.041854,0.041426
-0.014796,-0.020215,-0.018634,-0.019321,-0.015075,-0.01616,-0.020745
0.058137,0.052671,0.052906,0.045956,0.051327,0.058027,0.057767
0.034373,0.037617,0.039081,0.044623,0.041551,0.050022,0.049019
0.069863,0.067429,0.069345,0.064046,0.060246,0.070456,0.067687
-0.0059235,-0.013886,-0.0082603,-0.0076945,-0.0065157,0.0038526,-0.015213
0.049925,0.048809,0.055902,0.052546,0.048422,0.054957,0.052193
0.039028,0.039437,0.042927,0.039939,0.039368,0.044567,0.042961
-0.094311,-0.09598,-0.10475,-0.10055,-0.10358,-0.10049,-0.10433
-0.02784,-0.02573,-0.03145,-0.025815,-0.020615,-0.014637,-0.034707
-0.065031,-0.072063,-0.075839,-0.070372,-0.075034,-0.076555,-0.082857
0.054902,0.04985,0.053107,0.046081,0.048787,0.051048,0.058203
0.07791,0.085146,0.079424,0.069216,0.066552,0.05719,0.058411
0.06176,0.059513,0.052627,0.049305,0.057192,0.060609,0.052073
0.016728,0.020318,0.012431,0.016257,0.024526,0.018836,0.0098781
-0.020536,-0.01998,-0.017357,-0.018369,-0.0098001,-0.0038964,-0.022374
0.06502,0.063265,0.067646,0.061641,0.061006,0.073735,0.069863
0.078151,0.080515,0.073136,0.068355,0.066985,0.069495,0.069183
0.0069881,0.0097364,0.0058079,0.0090777,0.01391,0.012658,0.0081621
0.051586,0.050401,0.044593,0.045985,0.049473,0.042201,0.034238
0.032216,0.03792,0.026907,0.026846,0.035212,0.035647,0.030822
-0.09105,-0.088249,-0.095088,-0.088118,-0.09609,-0.089812,-0.10044
-0.092475,-0.097871,-0.1021,-0.097983,-0.11021,-0.097189,-0.10619
-0.075134,-0.076755,-0.087234,-0.08175,-0.086255,-0.075274,-0.093349
-0.054612,-0.050867,-0.05747,-0.046902,-0.04477,-0.038241,-0.059297
-0.10967,-0.11001,-0.11793,-0.11338,-0.12539,-0.1185,-0.11659
-0.099534,-0.096981,-0.10243,-0.097702,-0.098284,-0.10137,-0.09445
-0.10696,-0.10409,-0.11359,-0.10363,-0.12077,-0.10794,-0.11275
-0.060235,-0.053677,-0.058531,-0.050344,-0.048454,-0.039495,-0.056475
0.036294,0.051739,0.045238,0.038377,0.046523,0.050208,0.037953
-0.024662,-0.022066,-0.025701,-0.023427,-0.033931,-0.041614,-0.037612
-0.030725,-0.04782,-0.054302,-0.041207,-0.043833,-0.047072,-0.054941
0.020576,0.010312,0.0070336,0.0058931,0.020779,0.018808,0.014394
-0.018299,-0.026948,-0.026726,-0.026019,-0.011053,-0.01308,-0.020264
0.012321,0.024346,0.030243,0.029419,0.010889,-0.00078856,0.0081015
-0.01648,-0.020475,-0.018756,-0.020609,-0.0073577,-0.0065666,-0.019226
0.060244,0.063073,0.059842,0.055905,0.058738,0.059672,0.064629
-0.041641,-0.042653,-0.043573,-0.045672,-0.05041,-0.048064,-0.064255
-0.07501,-0.090118,-0.095169,-0.07681,-0.087844,-0.088,-0.094514
-0.043926,-0.04994,-0.048877,-0.037883,-0.059423,-0.067019,-0.067935
-0.089883,-0.092756,-0.1013,-0.10114,-0.10571,-0.1011,-0.10869
-0.04753,-0.049962,-0.062145,-0.064223,-0.068262,-0.074491,-0.070001
-0.10679,-0.11046,-0.12059,-0.11418,-0.1235,-0.12318,-0.11247
-0.024277,-0.024406,-0.020394,-0.011082,-0.038124,-0.047398,-0.044895
-0.073097,-0.082834,-0.094508,-0.093771,-0.10452,-0.10548,-0.098273
-0.0062287,-0.0025083,-0.0031301,0.0023205,0.0072869,0.0053434,-0.0043059
0.059001,0.065891,0.059319,0.06217,0.052891,0.053126,0.058343
0.076522,0.079005,0.083629,0.077074,0.069866,0.075066,0.076275
0.057635,0.066386,0.070659,0.06812,0.054624,0.061481,0.056998
0.072291,0.077934,0.072966,0.065267,0.065854,0.070797,0.07022
0.044344,0.059504,0.053872,0.04695,0.051286,0.054964,0.040827
0.064036,0.060232,0.05581,0.059861,0.05457,0.057854,0.064826
0.06785,0.065268,0.06471,0.067223,0.063199,0.065548,0.070486
0.061058,0.04913,0.056219,0.060539,0.04769,0.052302,0.047081
0.069583,0.06671,0.067751,0.068912,0.06521,0.067864,0.071355
0.069077,0.065725,0.069518,0.064315,0.056927,0.067206,0.062741
0.057901,0.065248,0.059188,0.056083,0.050827,0.049692,0.027391
0.061211,0.069983,0.068836,0.057193,0.061684,0.058542,0.045982
0.064809,0.075158,0.070618,0.06185,0.059193,0.052966,0.044104
0.024823,0.0068374,0.027788,0.029565,0.014483,0.018087,0.019488
0.068911,0.074761,0.072945,0.05967,0.062618,0.058965,0.048576
0.04983,0.052441,0.046797,0.042859,0.048139,0.048295,0.028534
0.055531,0.058049,0.059982,0.050108,0.053583,0.045158,0.037051
0.025597,0.028311,0.034799,0.033083,0.030851,0.026888,0.013474
0.033448,0.052276,0.051241,0.041045,0.039175,0.036572,0.023089
0.055201,0.058628,0.048603,0.045466,0.054265,0.048753,0.037485
0.036379,0.042316,0.037741,0.033798,0.042396,0.033975,0.021909
0.049623,0.063409,0.063002,0.048907,0.051032,0.051482,0.034972
0.028941,0.024503,0.037881,0.035043,0.027936,0.028319,0.021891
0.02253,0.032409,0.043502,0.037976,0.029988,0.031888,0.033334
0.048603,0.051286,0.048165,0.048111,0.044652,0.035694,0.035489
-0.027185,-0.036034,-0.015321,-0.0073,-0.015795,-0.023472,-0.018925
0.060906,0.067864,0.064984,0.056688,0.058589,0.052633,0.046084
0.061667,0.067415,0.066367,0.055108,0.058975,0.051503,0.043334
-0.020811,-0.019496,-0.015467,-0.0015103,-0.013682,-0.019553,-0.020167
-0.035514,-0.048361,-0.046204,-0.032723,-0.037647,-0.034611,-0.028543
-0.012042,0.0020916,-0.0006126,0.0028015,-0.007525,-0.0071489,-0.00043597
-0.0072437,-0.00095404,0.0026084,-0.00048506,-0.0016677,0.00067778,0.0015762
0.0081818,0.0021819,0.0049091,0.006067,0.0054505,-0.0024862,0.0035406
-0.076438,-0.091843,-0.089987,-0.085561,-0.099324,-0.094878,-0.088677
0.0079477,-0.0066308,0.0096149,0.019086,0.0028611,-0.0040138,0.010566
-0.038333,-0.048776,-0.046137,-0.028976,-0.043015,-0.04819,-0.039098
0.026248,0.017859,0.032426,0.024758,0.019184,0.019,0.016678
-0.09628,-0.1035,-0.10961,-0.10131,-0.10884,-0.10413,-0.091724
-0.012368,-0.015068,-0.010709,-0.0099905,-0.019533,-0.016881,-0.015389
-0.021868,-0.028779,-0.01918,-0.01343,-0.039951,-0.024181,-0.0304
-0.084631,-0.096992,-0.092479,-0.078622,-0.090639,-0.09177,-0.076932
-0.052171,-0.053857,-0.043149,-0.027512,-0.041627,-0.041916,-0.04142
-0.062507,-0.069304,-0.067596,-0.052972,-0.062088,-0.064082,-0.060631
0.014059,0.011727,0.020951,0.016696,0.014303,0.015238,0.0035114
-0.065255,-0.078825,-0.077927,-0.065205,-0.077856,-0.080472,-0.067704
-0.044699,-0.034944,-0.035702,-0.029989,-0.027768,-0.026801,-0.038414
-0.05305,-0.062255,-0.05264,-0.046247,-0.050944,-0.057679,-0.049986
-0.00092934,-0.016558,-0.0062927,0.0035374,-0.016744,-0.0061448,-0.012443
-0.090789,-0.10235,-0.10689,-0.08813,-0.098305,-0.1013,-0.082382
-0.081204,-0.088168,-0.090356,-0.088181,-0.097529,-0.098599,-0.098144
-0.012242,-0.010175,-0.020637,-0.019696,-0.020167,-0.02565,-0.0097202
-0.0062952,-0.0015578,0.0042402,0.0061143,0.0056318,0.0012726,0.0012841
-0.024636,-0.021939,-0.015775,-0.013001,-0.01133,-0.020049,-0.023892
-0.037459,-0.049146,-0.046183,-0.037297,-0.047357,-0.048198,-0.045812
-0.080063,-0.089893,-0.095674,-0.08401,-0.091672,-0.077751,-0.075503
-0.018459,-0.028403,-0.024782,-0.013152,-0.021663,-0.020943,-0.017978
-0.086561,-0.085743,-0.08949,-0.083117,-0.087064,-0.077644,-0.082944
-0.056151,-0.052827,-0.056483,-0.045146,-0.043425,-0.043395,-0.050881
-0.027488,-0.033307,-0.027202,-0.019966,-0.018589,-0.030194,-0.022831
-0.033732,-0.035558,-0.041972,-0.030911,-0.038234,-0.037598,-0.035626
-0.0095276,-0.0063507,-0.016217,-0.010337,-0.01211,-0.0036323,-0.0044274
-0.01785,-0.018203,-0.01669,-0.010622,-0.012405,-0.018393,-0.02137
-0.088851,-0.097605,-0.10398,-0.089761,-0.101,-0.094535,-0.078213
-0.016507,-0.017974,-0.01485,-0.020715,-0.018192,-0.019918,-0.023096
-0.053902,-0.057012,-0.060539,-0.050017,-0.063069,-0.051362,-0.049511
-0.044892,-0.05364,-0.061632,-0.046848,-0.060297,-0.057441,-0.053344
-0.0034441,0.00048437,0.0073781,0.0054188,0.0098647,-0.0021549,-0.0018235
-0.070153,-0.08,-0.084678,-0.06883,-0.088787,-0.084062,-0.076295
-0.09036,-0.091588,-0.10412,-0.089464,-0.09352,-0.095053,-0.085541
-0.011029,-0.018511,-0.016821,-0.018452,-0.0064152,-0.0033007,-0.0087022
-0.005293,-0.0074565,-0.004929,-0.010476,-0.0052295,0.0061357,-0.00028965
-0.059806,-0.062107,-0.068648,-0.05701,-0.05655,-0.049551,-0.053316
-0.011787,-0.014119,-0.0038522,-0.0048612,-0.011337,-0.010852,-0.0012511
-0.016016,-0.011557,-0.0039842,-0.0036581,-0.0024688,-0.0060234,0.0058386
0.014088,0.025875,0.022928,0.020565,0.022907,0.010616,0.016349
0.031864,0.038456,0.037407,0.03805,0.036288,0.033568,0.034564
0.053547,0.047621,0.044649,0.046234,0.04675,0.030232,0.043786
0.035891,0.042028,0.04703,0.047036,0.036259,0.030785,0.033087
0.049554,0.046255,0.044386,0.042501,0.051709,0.044916,0.040323
0.055541,0.051906,0.052016,0.048257,0.05804,0.051094,0.050549
0.053737,0.051029,0.052625,0.043985,0.057192,0.046156,0.051522
0.025074,0.028203,0.035434,0.026186,0.034394,0.01947,0.022828
0.037338,0.029166,0.03507,0.022602,0.025403,0.021161,0.016852
0.073571,0.079226,0.080408,0.077137,0.069742,0.074922,0.078123
0.077903,0.080883,0.085536,0.074986,0.077409,0.077822,0.080346
0.029109,0.017705,0.018295,0.017688,0.028519,0.026052,0.023262
-0.0059546,-0.014547,-0.024117,-0.012571,-0.010201,-0.014858,-0.020968
0.06577,0.066085,0.064089,0.069994,0.05784,0.056088,0.058894
0.066902,0.06227,0.061907,0.059349,0.052034,0.049314,0.058566
-0.016951,-0.02172,-0.020954,0.008925,-0.0047606,-0.011219,-0.0002701
-0.028372,-0.036088,-0.032506,-0.011365,-0.027082,-0.030628,-0.036362
-0.073168,-0.077767,-0.069204,-0.056824,-0.066993,-0.059686,-0.060478
-0.011697,-0.0091741,-0.0060938,-0.007946,-0.0042828,-0.0039668,-0.0037216
-0.0080386,-0.013161,-0.0061921,0.00055416,-2.7135e-06,-0.0039127,-0.0058645
-0.053235,-0.047379,-0.043089,-0.053623,-0.049518,-0.043474,-0.057334
0.058262,0.052076,0.056117,0.054145,0.041587,0.041172,0.047262
0.077938,0.082676,0.082473,0.06749,0.074226,0.069078,0.071618
0.06389,0.069709,0.0743,0.070002,0.065805,0.070862,0.074065
0.071474,0.06963,0.067737,0.068594,0.059576,0.05753,0.059582
0.04552,0.046777,0.045356,0.034491,0.043144,0.056648,0.049948
0.053841,0.052092,0.050847,0.037688,0.045685,0.055319,0.056534
0.00067183,0.0010631,0.00048366,-0.001821,0.00035357,0.0023437,-0.0043226
0.034295,0.033147,0.045066,0.038303,0.046287,0.034249,0.035641
0.010888,0.016744,0.023895,0.029205,0.024301,0.015489,0.018081
0.044497,0.051132,0.057851,0.04508,0.042353,0.046957,0.04104
0.04147,0.043339,0.050543,0.03941,0.033686,0.034451,0.034238
0.042148,0.034823,0.035706,0.03323,0.038784,0.048725,0.051434
-0.05272,-0.067979,-0.077445,-0.073692,-0.065515,-0.058606,-0.066289
0.010794,0.010406,0.0042182,0.012932,0.015116,0.013261,0.015508
-0.071656,-0.090617,-0.083056,-0.075018,-0.084864,-0.069656,-0.051307
-0.076699,-0.090171,-0.090899,-0.078798,-0.096343,-0.073171,-0.057529
-0.033247,-0.03527,-0.04803,-0.03512,-0.034554,-0.054708,-0.044111
0.063766,0.069398,0.069139,0.067627,0.060482,0.063052,0.064898
0.069595,0.075431,0.074456,0.073834,0.067143,0.06676,0.073232
0.075543,0.079913,0.07606,0.076366,0.068009,0.067679,0.071908
0.07701,0.080121,0.085919,0.078784,0.075344,0.075293,0.079865
0.077939,0.080244,0.083858,0.080893,0.072144,0.073076,0.080961
-0.049744,-0.051266,-0.053578,-0.055463,-0.057882,-0.05048,-0.066347
-0.039212,-0.044499,-0.032534,-0.02039,-0.027005,-0.032549,-0.025265
-0.060985,-0.06582,-0.061546,-0.034269,-0.046329,-0.0507,-0.037261
0.04959,0.053148,0.050976,0.044809,0.052287,0.05736,0.047671
-0.065552,-0.066816,-0.072958,-0.06376,-0.085728,-0.086928,-0.080583
0.060923,0.05739,0.057658,0.057647,0.050258,0.055898,0.058945
0.05793,0.048736,0.051811,0.05287,0.044728,0.053802,0.05537
0.053114,0.067626,0.053316,0.049144,0.047202,0.056969,0.036355
-0.071786,-0.073035,-0.0693,-0.063785,-0.074803,-0.06877,-0.074857
0.047571,0.046988,0.046411,0.048739,0.054036,0.05647,0.062387
-0.036612,-0.03456,-0.023309,-0.031834,-0.03315,-0.024703,-0.035463
-0.010082,-0.010526,-0.013547,-0.0071887,-0.0027125,-0.0083849,-0.018008
0.043403,0.040892,0.042488,0.04084,0.022419,0.017487,0.031434
0.054175,0.063312,0.067206,0.05734,0.060485,0.059157,0.050492
-0.043035,-0.040446,-0.03869,-0.027794,-0.032811,-0.024025,-0.0080025
-0.089611,-0.097531,-0.097685,-0.092126,-0.097788,-0.10077,-0.082687
-0.040634,-0.055652,-0.058621,-0.050145,-0.049229,-0.045345,-0.050301
-0.065631,-0.076152,-0.086734,-0.079331,-0.078791,-0.069942,-0.073349
0.053914,0.057694,0.058369,0.06029,0.050551,0.050931,0.060281
-0.049851,-0.060821,-0.055292,-0.038022,-0.045012,-0.051319,-0.04266
0.041053,0.042166,0.050763,0.045428,0.044316,0.044086,0.046503
0.02659,0.014315,0.020982,0.011107,0.025191,0.031556,0.029495
0.076698,0.079844,0.07989,0.069296,0.071746,0.073627,0.068175
0.041853,0.047511,0.049326,0.046074,0.034256,0.026814,0.036705
0.0077138,0.0049877,0.0090105,0.0076354,0.01861,0.021382,0.0088617
0.055317,0.058148,0.052794,0.044355,0.051653,0.052464,0.045357
-0.09961,-0.098264,-0.11015,-0.097904,-0.10359,-0.092685,-0.096721
0.051352,0.050776,0.046135,0.04202,0.0428,0.036099,0.038722
-0.022675,-0.030417,-0.013703,-0.026903,-0.025383,-0.024942,-0.015859
0.062318,0.059369,0.065543,0.057119,0.058353,0.060139,0.05989
-0.04042,-0.060503,-0.050668,-0.040169,-0.034848,-0.029185,-0.019236
-0.020609,-0.044976,-0.031016,-0.037232,-0.02916,-0.018302,-0.005552
-0.023503,-0.041828,-0.034394,-0.030732,-0.014993,-0.0071004,-0.0043185
-0.065662,-0.074237,-0.067495,-0.060668,-0.059842,-0.049826,-0.025702
0.017438,0.03042,0.027142,0.024416,0.031683,0.012417,0.02756
-0.062152,-0.058227,-0.047578,-0.043625,-0.038253,-0.039093,-0.021977
0.063944,0.065998,0.072492,0.065922,0.063324,0.063836,0.06626
-0.0093123,0.0018381,0.00037625,-0.0042508,0.0066357,-0.011495,-0.0030091
-0.060405,-0.063399,-0.072049,-0.059078,-0.045306,-0.051393,-0.061228
-0.010775,-0.0072476,-0.022943,-0.020376,-0.010175,-0.028899,-0.0051511
-0.034372,-0.024701,-0.019731,-0.018461,-0.026514,-0.032922,-0.027436
-0.037637,-0.047062,-0.041569,-0.041159,-0.036547,-0.051611,-0.065737
0.0017909,0.012293,0.013509,0.015115,0.028258,0.028528,0.012635
-0.079571,-0.09404,-0.10432,-0.092739,-0.097087,-0.091135,-0.09519
-0.055152,-0.065163,-0.069506,-0.044291,-0.050875,-0.061745,-0.04271
-0.0060483,-0.0086426,-0.0096547,-0.002368,0.0033696,0.012146,0.0014014
-0.05343,-0.058562,-0.052581,-0.049015,-0.053981,-0.037912,-0.057018
-0.01597,-0.0061352,-0.001287,-0.00035878,-0.0064493,-0.0092269,0.0024926
-0.07236,-0.087405,-0.095916,-0.079545,-0.088557,-0.079098,-0.074266
-0.046404,-0.052608,-0.038415,-0.018246,-0.041067,-0.032542,-0.035869
-0.039324,-0.047742,-0.044949,-0.045111,-0.04748,-0.034812,-0.042525
-0.033072,-0.036594,-0.032474,-0.036852,-0.033086,-0.03768,-0.036617
-0.084292,-0.089594,-0.099804,-0.097759,-0.10029,-0.10786,-0.09359
-0.027517,-0.038948,-0.029602,-0.015966,-0.030786,-0.02925,-0.027388
0.0051328,0.0052271,0.0055927,0.015023,0.0094303,0.01008,0.0077095
0.039793,0.049428,0.042837,0.046509,0.05033,0.054913,0.037053
0.011442,-0.0096464,-0.0042265,-0.0036236,-0.00097042,0.011407,-0.0065948
-0.046644,-0.052535,-0.059253,-0.057428,-0.051712,-0.037564,-0.052383
0.036659,0.03673,0.039289,0.034711,0.03338,0.038291,0.037885
-0.039798,-0.049573,-0.049566,-0.044396,-0.047923,-0.038908,-0.059676
-0.030289,-0.05298,-0.040863,-0.04395,-0.042104,-0.019311,-0.027115
-0.061445,-0.067498,-0.072233,-0.072369,-0.058329,-0.056137,-0.06382
-0.028692,-0.033643,-0.035775,-0.037298,-0.021029,-0.019761,-0.031249
-0.02986,-0.034586,-0.035066,-0.036921,-0.021501,-0.021345,-0.03049
-0.023754,-0.029275,-0.032999,-0.021745,-0.012641,-0.010047,-0.020313
-0.03919,-0.050457,-0.051161,-0.041893,-0.032711,-0.026642,-0.033782
-0.061261,-0.070695,-0.060449,-0.048982,-0.064847,-0.043734,-0.033825
0.069848,0.072237,0.067334,0.060394,0.057312,0.065399,0.061199
-0.080573,-0.077302,-0.089367,-0.086796,-0.087618,-0.092706,-0.082135
0.067584,0.072003,0.065138,0.062535,0.060403,0.0647,0.064318
0.069051,0.070562,0.075607,0.074984,0.069705,0.065824,0.07703
-0.033502,-0.033605,-0.038929,-0.033232,-0.028645,-0.021068,-0.028736
-0.013021,-0.020108,-0.017838,-0.010985,-0.018859,-0.019666,-0.027305
-0.0044226,-0.016057,-0.021673,-0.014907,-0.010223,-0.013451,-0.018118
0.039026,0.043922,0.033696,0.035333,0.03843,0.041186,0.034871
0.036565,0.04758,0.041208,0.035955,0.03943,0.044831,0.037633
-0.018908,-0.0027795,-0.013482,-0.0028463,-0.0079888,-0.035573,-0.025291
0.036712,0.042843,0.036737,0.034118,0.033571,0.028522,0.028494
-0.043559,-0.043909,-0.053844,-0.031918,-0.04313,-0.038522,-0.031365
-0.035185,-0.032874,-0.034044,-0.026825,-0.024237,-0.023015,-0.025284
0.051885,0.047154,0.053984,0.041102,0.047911,0.039821,0.041625
-0.028237,-0.028237,-0.020063,-0.021251,-0.025823,-0.0222,-0.02507
-0.04886,-0.049543,-0.047962,-0.049036,-0.046709,-0.047513,-0.049688
-0.060576,-0.065163,-0.069142,-0.0637,-0.060167,-0.0544,-0.049903
-0.06559,-0.067926,-0.071105,-0.064486,-0.053408,-0.056636,-0.050053
-0.069149,-0.067299,-0.067825,-0.066843,-0.06578,-0.055333,-0.061706
-0.044634,-0.050108,-0.043293,-0.032504,-0.039274,-0.033232,-0.039132
-0.051868,-0.043732,-0.049307,-0.028671,-0.036343,-0.039932,-0.0306
-0.021921,-0.028735,-0.031599,-0.025841,-0.020405,-0.023885,-0.023293
0.057324,0.056538,0.05738,0.051318,0.051106,0.044199,0.043389
0.033978,0.030133,0.03308,0.026468,0.035653,0.022633,0.031811
0.058261,0.049946,0.055284,0.047188,0.052387,0.041563,0.045171
-0.058877,-0.070595,-0.075947,-0.069764,-0.075979,-0.067748,-0.066994
0.051925,0.047485,0.049364,0.040382,0.053452,0.043826,0.045023
0.046087,0.040523,0.035642,0.034853,0.036759,0.025645,0.025521
0.050742,0.04849,0.059948,0.043411,0.059991,0.049976,0.048522
-0.085228,-0.083456,-0.087871,-0.080696,-0.089313,-0.082624,-0.077091
-0.088554,-0.086364,-0.10063,-0.092241,-0.090073,-0.099196,-0.085506
0.055868,0.045512,0.050392,0.044147,0.049791,0.046762,0.046668
0.055824,0.047985,0.059257,0.047121,0.058565,0.050981,0.052595
-0.08977,-0.086295,-0.10523,-0.087559,-0.098772,-0.10139,-0.091955
-0.072796,-0.076853,-0.083172,-0.06767,-0.081483,-0.068655,-0.066605
-0.089052,-0.086184,-0.087698,-0.069146,-0.086799,-0.081389,-0.080455
-0.087411,-0.086451,-0.092518,-0.076011,-0.087104,-0.087181,-0.080329
-0.080625,-0.081587,-0.083534,-0.080673,-0.088724,-0.08347,-0.084599
-0.062609,-0.06857,-0.072294,-0.062735,-0.064972,-0.055606,-0.050186
-0.09924,-0.096379,-0.10712,-0.093818,-0.10997,-0.10441,-0.095304
-0.095081,-0.093923,-0.10556,-0.094705,-0.10151,-0.10367,-0.085152
-0.10024,-0.099256,-0.10316,-0.088887,-0.10072,-0.097789,-0.093502
-0.095162,-0.096102,-0.10605,-0.094654,-0.099073,-0.098684,-0.08968
-0.076821,-0.086758,-0.093162,-0.083897,-0.089382,-0.082642,-0.080439
-0.089752,-0.091218,-0.098388,-0.091524,-0.091669,-0.092217,-0.077497
-0.066932,-0.065561,-0.068397,-0.068516,-0.063,-0.061089,-0.067501
-0.090283,-0.088393,-0.09117,-0.082259,-0.086052,-0.087069,-0.087331
-0.093746,-0.094712,-0.10059,-0.092155,-0.088372,-0.093655,-0.081823
-0.084493,-0.087981,-0.096957,-0.087913,-0.087719,-0.081684,-0.081164
-0.090581,-0.085863,-0.090236,-0.083841,-0.08151,-0.080223,-0.084952
-0.049081,-0.048032,-0.045218,-0.040958,-0.035107,-0.036214,-0.046534
-0.090037,-0.098099,-0.10174,-0.089462,-0.098668,-0.089747,-0.08426
-0.097392,-0.099278,-0.10419,-0.094098,-0.10403,-0.098119,-0.091178
-0.089817,-0.096462,-0.099757,-0.090056,-0.10432,-0.099857,-0.093982
-0.097105,-0.098007,-0.104,-0.094826,-0.10613,-0.097827,-0.089549
0.01304,0.013811,0.014301,0.0091938,0.021852,0.02678,0.011038
0.065819,0.068096,0.068675,0.061938,0.067367,0.059903,0.062282
0.045173,0.054413,0.050704,0.046036,0.049579,0.044759,0.039641
0.075686,0.080472,0.077938,0.074821,0.07041,0.07219,0.074812
0.057106,0.067042,0.074717,0.06437,0.066916,0.068414,0.070043
0.06502,0.074318,0.076956,0.071016,0.069705,0.073343,0.069677
0.05157,0.055677,0.050992,0.049961,0.054055,0.061234,0.056244
0.0802,0.080971,0.084062,0.08307,0.070983,0.074313,0.075454
0.016786,0.017886,0.019944,0.014206,0.026731,0.029091,0.028753
0.06925,0.076581,0.072939,0.072722,0.065555,0.069504,0.062104
-0.0066297,0.0032294,-0.0051371,-0.004457,0.0045246,0.006478,0.0049486
0.074216,0.067771,0.075041,0.065607,0.062105,0.057149,0.064578
0.077641,0.071735,0.074584,0.070882,0.061391,0.063732,0.070145
0.074404,0.077294,0.071233,0.068778,0.064531,0.062759,0.06825
0.02256,0.038673,0.043061,0.034724,0.039339,0.051398,0.039073
0.077122,0.075013,0.077299,0.071819,0.069481,0.067368,0.076009
0.047714,0.050384,0.055295,0.049329,0.057249,0.053152,0.059203
0.068582,0.081733,0.082519,0.073506,0.069275,0.06726,0.067973
0.071466,0.075941,0.080466,0.076257,0.071376,0.07607,0.079892
0.072878,0.070297,0.07234,0.065357,0.063648,0.061245,0.067581
0.056658,0.061334,0.067174,0.060476,0.062143,0.065544,0.065759
0.07154,0.075853,0.080252,0.07615,0.066988,0.074353,0.077068
0.02897,0.041138,0.042261,0.040491,0.043653,0.044743,0.044186
-0.07328,-0.072799,-0.072136,-0.075176,-0.064503,-0.060111,-0.064737
-0.082596,-0.094759,-0.10098,-0.094404,-0.098639,-0.098806,-0.095196
-0.063487,-0.074312,-0.064208,-0.078058,-0.070597,-0.062649,-0.068212
-0.016511,-0.010875,-0.014863,-0.013062,-0.012012,0.0014213,-0.012429
-0.050598,-0.05319,-0.060042,-0.049723,-0.040133,-0.037922,-0.054605
0.049674,0.064713,0.064052,0.05394,0.058098,0.062962,0.060003
-0.092634,-0.093107,-0.10606,-0.091087,-0.094921,-0.092025,-0.076266
0.063163,0.072335,0.070655,0.059201,0.064003,0.070228,0.064317
-0.016993,-0.013898,-0.0083306,-0.010568,-0.002551,0.0050389,-0.010064
-0.02801,-0.039335,-0.032899,-0.033106,-0.029997,-0.023453,-0.028544
-0.066436,-0.057164,-0.069084,-0.066393,-0.067816,-0.069307,-0.046142
-0.03218,-0.043382,-0.041043,-0.042033,-0.031132,-0.032531,-0.021617
-0.028563,-0.026719,-0.033275,-0.025661,-0.018225,-0.0092421,-0.022432
-0.061374,-0.058706,-0.055783,-0.060876,-0.048158,-0.050974,-0.048089
-0.049591,-0.046646,-0.046527,-0.045751,-0.040619,-0.044985,-0.027379
-0.051428,-0.050528,-0.045141,-0.034925,-0.0411,-0.040389,-0.026652
-0.028077,-0.038138,-0.032778,-0.046358,-0.033112,-0.038313,-0.021823
-0.073343,-0.072622,-0.077014,-0.07285,-0.064719,-0.068458,-0.061759
-0.016556,-0.021413,-0.021023,-0.028198,-0.012991,-0.0080994,-0.016873
-0.062117,-0.066384,-0.064827,-0.066868,-0.053964,-0.05699,-0.059123
0.015465,0.01175,0.013659,0.016987,0.019929,0.024042,0.021699
0.031135,0.029972,0.025739,0.033042,0.028092,0.038609,0.026346
-0.06893,-0.073237,-0.082054,-0.073435,-0.069407,-0.073106,-0.073957
-0.055908,-0.067643,-0.056903,-0.060499,-0.054721,-0.062268,-0.051109
-0.083627,-0.085182,-0.087811,-0.082527,-0.0837,-0.07971,-0.069206
-0.06545,-0.074179,-0.079497,-0.077873,-0.073651,-0.082476,-0.072234
-0.02795,-0.034461,-0.048465,-0.038612,-0.027993,-0.030006,-0.040615
-0.056002,-0.067399,-0.051763,-0.069502,-0.060664,-0.064,-0.06317
-0.03096,-0.039558,-0.03235,-0.029133,-0.020567,-0.013539,-0.022178
-0.0047793,-0.0024581,-0.0041124,-0.0094466,0.0027259,0.01074,-0.0055216
-0.022014,-0.019842,-0.012158,-0.023888,-0.011311,-0.0038896,-0.012855
-0.0655,-0.063684,-0.060614,-0.061178,-0.060784,-0.058871,-0.051758
-0.029652,-0.032819,-0.032631,-0.029042,-0.017647,-0.027779,-0.032071
-0.026165,-0.032474,-0.030558,-0.024448,-0.021498,-0.015815,-0.024125
-0.04706,-0.04,-0.047867,-0.040846,-0.032427,-0.033701,-0.03793
-0.05991,-0.058937,-0.054808,-0.064867,-0.052096,-0.050211,-0.043532
-0.037173,-0.049271,-0.0458,-0.053391,-0.04202,-0.04331,-0.028761
-0.042195,-0.044638,-0.047831,-0.049756,-0.04477,-0.04205,-0.039855
0.012916,0.019736,0.021974,0.016331,0.024304,0.031699,0.027415
-0.0014218,0.0045577,0.0095383,0.0071153,0.013019,0.0085001,0.005464
0.036199,0.03909,0.035023,0.031406,0.040155,0.044641,0.035113
-0.024377,-0.014047,-0.00042566,-0.0093268,-0.0023145,-0.0051965,-0.010188
-0.022173,-0.016893,-0.020148,-0.0068033,-0.0036633,-0.0048527,-0.010026
-0.010446,-0.01245,0.0013146,-0.0053693,0.00018629,-0.00025027,-0.012811
-0.030849,-0.031961,-0.026034,-0.026233,-0.02,-0.020789,-0.018635
-0.022781,-0.017369,-0.016776,-0.013198,-0.0030529,-0.0052649,-0.013976
0.0059362,0.0062504,0.007914,0.004189,0.015266,0.023629,0.010767
-0.021603,-0.010002,-0.012205,-0.015124,0.00031207,-0.0053593,-0.0083469
-0.031188,-0.021933,-0.016848,-0.026204,-0.012761,-0.017974,-0.032166
-0.063379,-0.045185,-0.055902,-0.04915,-0.045957,-0.055394,-0.064961
-0.010513,-0.012476,-0.012758,-0.015277,-0.0060393,0.00027105,0.0032353
0.04185,0.051493,0.043879,0.040034,0.046602,0.0452,0.041045
0.05923,0.066842,0.062943,0.053648,0.057337,0.055933,0.052725
0.079637,0.08355,0.080018,0.074307,0.064484,0.061905,0.062549
0.072634,0.076861,0.080696,0.071389,0.073201,0.068051,0.070463
0.080062,0.084071,0.079533,0.070607,0.068104,0.065555,0.063269
0.0035017,0.013991,0.0051966,0.014243,0.027008,0.023211,0.017516
0.043802,0.055866,0.048979,0.047418,0.052156,0.059752,0.048423
-0.042991,-0.037373,-0.044268,-0.037104,-0.022207,-0.023517,-0.026798
-0.0068547,-0.0014652,-0.012713,-0.0083052,0.0047629,0.0094192,0.0068701
0.07639,0.080567,0.08128,0.079974,0.071087,0.07269,0.075137
0.064394,0.075407,0.073869,0.070378,0.068633,0.070411,0.066731
-0.029359,-0.019534,-0.022092,-0.023768,-0.019235,-0.006464,-0.008312
-0.072562,-0.064257,-0.074461,-0.065697,-0.066293,-0.060233,-0.058565
-0.08389,-0.089052,-0.095966,-0.078391,-0.087803,-0.072871,-0.070128
-0.091188,-0.088691,-0.09843,-0.086447,-0.089174,-0.083721,-0.076015
-0.10042,-0.097124,-0.10259,-0.096037,-0.10431,-0.097763,-0.091758
-0.094532,-0.093636,-0.096456,-0.089418,-0.090921,-0.086483,-0.084523
-0.092072,-0.090818,-0.091114,-0.07777,-0.0822,-0.069357,-0.066405
-0.039625,-0.039225,-0.028519,-0.028359,-0.013974,-0.003909,-0.0030876
-0.089424,-0.09172,-0.088609,-0.080789,-0.089978,-0.079727,-0.066556
-0.084152,-0.080619,-0.080262,-0.08456,-0.091592,-0.088427,-0.07391
-0.038289,-0.03573,-0.035112,-0.032819,-0.02179,-0.021692,-0.028424
0.027244,0.029163,0.028893,0.024623,0.031207,0.038857,0.032816
0.072404,0.081424,0.075538,0.068269,0.064407,0.056017,0.051421
0.03288,0.034929,0.035739,0.03253,0.033429,0.029477,0.024533
-0.055402,-0.058453,-0.058121,-0.047066,-0.052303,-0.045469,-0.03796
0.080483,0.082844,0.083107,0.072153,0.073118,0.069499,0.071766
0.050825,0.051925,0.048198,0.046886,0.051177,0.048401,0.032959
-0.0020597,-0.0044701,0.0047308,-0.0029095,0.0068695,0.014482,0.0036417
0.018306,0.018199,0.022096,0.018354,0.025222,0.026919,0.019705
0.05469,0.060352,0.054446,0.05283,0.055615,0.047195,0.039983
0.063405,0.065434,0.06372,0.058715,0.05904,0.060365,0.050839
-0.078957,-0.073994,-0.065425,-0.054665,-0.05767,-0.041729,-0.039958
-0.083654,-0.07549,-0.080018,-0.078763,-0.076566,-0.086685,-0.072723
-0.087415,-0.079584,-0.089193,-0.06899,-0.079235,-0.073299,-0.064097
0.038231,0.047132,0.043359,0.038326,0.037224,0.03991,0.030082
-0.074029,-0.067443,-0.076587,-0.077722,-0.075126,-0.071925,-0.083231
0.02334,0.036486,0.020294,0.014674,0.023661,0.02805,0.024713
-0.062799,-0.062142,-0.071884,-0.073018,-0.073584,-0.075818,-0.083332
0.066435,0.072523,0.071737,0.068363,0.061494,0.065573,0.062821
0.034341,0.0447,0.034148,0.029487,0.035438,0.041089,0.034622
0.052028,0.062944,0.059719,0.06156,0.059758,0.058574,0.051418
-0.0089616,0.0011816,0.0040326,0.013333,0.01129,0.010593,-0.00041342
-0.053867,-0.05299,-0.046672,-0.056442,-0.054363,-0.053908,-0.055253
-0.09639,-0.10043,-0.10515,-0.10438,-0.11629,-0.11191,-0.10599
-0.10541,-0.11074,-0.1186,-0.11281,-0.12356,-0.126,-0.11133
-0.086441,-0.089054,-0.097821,-0.090322,-0.10294,-0.11168,-0.099951
-0.072886,-0.072278,-0.077472,-0.077007,-0.085779,-0.089076,-0.093319
0.0022666,0.013088,0.012731,0.013205,0.0093949,0.0032949,0.0073454
-0.026272,-0.017673,-0.012075,-0.0097827,-0.016131,-0.027085,-0.019007
-0.051018,-0.043627,-0.032567,-0.038041,-0.042123,-0.042626,-0.02861
-0.010964,-0.0079962,-0.00045729,-0.0046456,-0.012387,-0.016284,0.00012691
-0.024508,-0.03037,-0.026724,-0.029806,-0.025799,-0.031852,-0.015656
-0.022602,-0.0020037,-0.0031215,-0.00076755,-0.0084181,-0.02141,-0.0046129
-0.015039,0.002234,0.012476,0.012388,-0.0045247,-0.011732,-0.014436
0.027084,0.039549,0.039511,0.042387,0.038036,0.034077,0.03705
-0.010163,0.0039202,0.0051693,0.0040513,0.0062483,0.011118,0.0052566
0.046854,0.050046,0.05143,0.050705,0.040725,0.046001,0.052346
0.055937,0.056662,0.059242,0.057303,0.052703,0.052037,0.058545
0.045463,0.04794,0.054356,0.049573,0.043489,0.039241,0.044201
0.049232,0.052647,0.05444,0.051616,0.04676,0.047646,0.058259
0.048905,0.050651,0.054256,0.053484,0.044324,0.041044,0.03577
0.014602,0.030359,0.023,0.02837,0.02879,0.025744,0.02459
0.040079,0.045857,0.052131,0.050848,0.044254,0.045541,0.044451
0.039324,0.05143,0.049611,0.050208,0.047925,0.044221,0.040517
0.025048,0.035851,0.027333,0.032532,0.030038,0.024084,0.019834
0.00010386,0.016073,0.018276,0.019857,0.012712,0.012564,0.0080112
0.047771,0.051436,0.055145,0.054706,0.043765,0.047407,0.046826
0.057046,0.053231,0.052032,0.051296,0.041263,0.045273,0.044431
0.0084571,0.0085416,0.00059501,-0.0029039,-0.0041066,-0.00016339,-0.0049588
0.055742,0.056644,0.051695,0.052181,0.043631,0.0354,0.040723
0.060513,0.059487,0.057842,0.055,0.051148,0.058108,0.054037
0.036005,0.046477,0.043597,0.048493,0.029487,0.024031,0.039095
0.049959,0.055239,0.049162,0.050218,0.038523,0.034969,0.038957
0.024586,0.035971,0.030424,0.033427,0.017247,0.0079468,0.019155
0.059397,0.060827,0.057631,0.057662,0.051969,0.057217,0.055497
0.029884,0.040069,0.034842,0.03751,0.022804,0.028126,0.025878
0.060895,0.060293,0.06048,0.056588,0.054268,0.061511,0.057651
0.055927,0.059254,0.055064,0.052311,0.044861,0.043885,0.046392
0.05267,0.056642,0.052376,0.049414,0.052979,0.052382,0.045833
0.061912,0.053996,0.061281,0.050382,0.049879,0.047452,0.052621
0.062699,0.056798,0.063342,0.050258,0.055256,0.059062,0.047048
0.064501,0.058834,0.066119,0.055568,0.058167,0.05656,0.052413
0.052277,0.050799,0.056773,0.046262,0.044881,0.045371,0.037325
0.04007,0.047723,0.048152,0.049412,0.034567,0.030388,0.043059
0.064995,0.059642,0.068099,0.054493,0.060736,0.063527,0.04586
0.058308,0.055798,0.061337,0.052985,0.05197,0.047735,0.035961
0.041634,0.048661,0.050974,0.047157,0.032342,0.037868,0.038144
0.049239,0.049717,0.044599,0.043333,0.03801,0.037115,0.035376
0.0277,0.030332,0.020983,0.022064,0.028601,0.027426,0.028298
0.048721,0.045765,0.04,0.037748,0.036607,0.038075,0.036037
0.054538,0.05347,0.047858,0.043641,0.054022,0.051794,0.051226
0.042824,0.043363,0.038277,0.036224,0.039689,0.033572,0.037632
0.060603,0.060481,0.060209,0.05599,0.053264,0.055798,0.054661
0.061741,0.056953,0.055283,0.050402,0.052885,0.046859,0.050474
0.055335,0.047757,0.048446,0.038523,0.055162,0.036652,0.048307
0.056821,0.052555,0.055725,0.044719,0.058748,0.044333,0.048382
0.054971,0.047962,0.047109,0.040898,0.048379,0.031139,0.043937
-0.053135,-0.057779,-0.065174,-0.058916,-0.054957,-0.061553,-0.056229
0.050413,0.051432,0.051317,0.047628,0.055493,0.0408,0.049423
-0.00097137,-0.0099473,-0.017007,-0.017065,-0.010636,-0.017863,-0.01656
0.057421,0.052532,0.060427,0.045032,0.059179,0.048848,0.044639
0.015319,0.013829,0.011572,0.014315,0.017526,0.0056457,0.022645
0.031809,0.037529,0.036082,0.026324,0.04282,0.028029,0.033867
0.036095,0.038316,0.030952,0.025189,0.039517,0.038701,0.035766
0.021887,0.018708,0.012087,0.015761,0.0096473,0.0038845,0.015432
-0.099048,-0.10273,-0.10888,-0.10731,-0.10621,-0.11335,-0.10489
0.039566,0.032147,0.030792,0.035023,0.031853,0.017705,0.020291
-0.015614,-0.031318,-0.030651,-0.033501,-0.032347,-0.037527,-0.023667
0.049695,0.040641,0.040125,0.030539,0.049593,0.041756,0.040886
0.043551,0.045295,0.049359,0.038053,0.050634,0.050784,0.052373
0.028504,0.033157,0.041896,0.025868,0.041528,0.035728,0.032762
0.054999,0.04962,0.055393,0.041284,0.056438,0.048099,0.04645
0.049824,0.048188,0.059072,0.042577,0.04675,0.041531,0.044103
-0.0034915,0.0066352,0.0089637,0.0053862,0.0041396,0.0017062,0.0026279
0.029467,0.036593,0.038415,0.030523,0.032602,0.029182,0.022099
0.059312,0.056099,0.062891,0.051338,0.053971,0.051876,0.043143
-0.010066,-0.007928,-0.0074803,-0.01259,-0.0029727,-0.0054581,0.011505
0.0064927,0.012758,0.0041567,0.011538,0.016224,-0.0022825,0.013689
0.056538,0.055496,0.062793,0.048232,0.055926,0.051863,0.0448
0.049948,0.051058,0.060827,0.050449,0.051362,0.049828,0.04561
-0.0066776,-0.00043988,0.0088393,-0.0061677,0.0083446,-0.0057626,0.012813
0.053475,0.050046,0.055051,0.042609,0.047452,0.043568,0.039927
0.041096,0.039068,0.054273,0.031699,0.048127,0.033513,0.032212
0.071751,0.06909,0.071154,0.060947,0.057438,0.061045,0.063334
0.072408,0.071317,0.076852,0.074784,0.069509,0.077795,0.076824
0.079808,0.075052,0.072193,0.068959,0.061327,0.060932,0.065451
0.0729,0.071373,0.072483,0.072211,0.066861,0.068163,0.070839
0.078457,0.077983,0.081389,0.07867,0.069531,0.06961,0.073514
0.07046,0.072459,0.078582,0.074528,0.06763,0.074905,0.080379
0.078136,0.074154,0.077262,0.066066,0.062866,0.059755,0.066635
0.072566,0.074291,0.079639,0.07395,0.070544,0.069205,0.079207
0.07834,0.078955,0.082963,0.077101,0.071171,0.0771,0.080824
0.077162,0.071482,0.077107,0.071553,0.063623,0.059194,0.06311
0.075744,0.079969,0.081786,0.079136,0.076556,0.071753,0.075688
0.077114,0.06693,0.066212,0.060117,0.059001,0.061421,0.067304
0.057915,0.051547,0.061687,0.051863,0.056779,0.057518,0.058324
0.067806,0.064454,0.071194,0.066153,0.059745,0.061014,0.065724
0.067298,0.062772,0.072606,0.067391,0.064041,0.069927,0.071177
0.012521,0.013882,0.019791,0.011767,0.026472,0.026625,0.028792
0.048797,0.054193,0.05379,0.04266,0.051286,0.0476,0.056296
0.037745,0.045078,0.040353,0.036735,0.047502,0.038863,0.048823
0.016075,0.024051,0.027174,0.025185,0.030666,0.029941,0.029948
0.0748,0.068937,0.071571,0.059344,0.061011,0.064118,0.066313
0.040119,0.041724,0.04267,0.029372,0.048238,0.042175,0.044499
-0.034469,-0.032869,-0.033456,-0.032228,-0.03342,-0.037015,-0.035017
0.046819,0.043033,0.051031,0.036611,0.04865,0.044697,0.04811
0.0032771,0.0050158,0.0051502,0.0075472,0.0057422,0.0087142,0.011408
0.032161,0.031098,0.025489,0.019716,0.032307,0.026216,0.022149
0.059704,0.051979,0.054299,0.044606,0.050415,0.06043,0.059532
0.03475,0.037927,0.0398,0.034256,0.044061,0.044397,0.047605
0.069568,0.068355,0.07319,0.060916,0.063126,0.065004,0.063848
-0.0049455,-0.018235,-0.0115,-0.014168,-0.008786,-0.011604,-0.014891
0.059926,0.05052,0.062736,0.049413,0.056582,0.055584,0.056129
0.048618,0.041836,0.048535,0.043221,0.041947,0.046423,0.047673
-0.076832,-0.07316,-0.078959,-0.082786,-0.074509,-0.083089,-0.083646
-0.027564,-0.033348,-0.039648,-0.034627,-0.032283,-0.027125,-0.034778
-0.049508,-0.043501,-0.051829,-0.045849,-0.04018,-0.055081,-0.055342
0.049851,0.047436,0.048322,0.047549,0.045259,0.051291,0.052882
0.076616,0.083961,0.08187,0.077126,0.071604,0.066941,0.071933
0.059522,0.063881,0.055677,0.049983,0.057486,0.063652,0.053079
0.036576,0.038437,0.028113,0.025331,0.037724,0.041015,0.024128
0.00043543,0.00093299,-0.0002944,-0.0037812,0.0092748,0.010866,0.0018187
0.066796,0.060305,0.066188,0.066042,0.066874,0.068958,0.068505
0.068969,0.080414,0.072455,0.070791,0.071883,0.071966,0.062941
0.014745,0.014227,0.006819,0.0045761,0.016136,0.024578,0.016177
0.06374,0.065443,0.055157,0.052885,0.060041,0.060552,0.043523
0.043897,0.04296,0.036896,0.036236,0.046779,0.050523,0.040413
-0.085721,-0.082928,-0.092726,-0.089063,-0.086667,-0.087188,-0.091877
-0.09291,-0.10424,-0.11098,-0.10281,-0.10778,-0.11394,-0.1029
-0.095867,-0.097419,-0.10911,-0.10196,-0.10308,-0.10854,-0.099094
-0.065251,-0.067194,-0.071408,-0.072683,-0.063706,-0.073858,-0.076219
-0.10921,-0.1124,-0.11774,-0.11376,-0.11578,-0.12081,-0.10984
-0.092971,-0.10129,-0.10151,-0.0956,-0.10074,-0.1068,-0.087632
-0.1033,-0.1141,-0.118,-0.1095,-0.11833,-0.12089,-0.10036
-0.058076,-0.063596,-0.073522,-0.070368,-0.069027,-0.077632,-0.072533
0.046891,0.054363,0.050588,0.042166,0.050177,0.048512,0.046864
-0.011431,-0.0058182,-0.0095678,-0.0058128,-0.015923,-0.022657,-0.016203
-0.017652,-0.044818,-0.034032,-0.035851,-0.025202,-0.034455,-0.039585
0.025662,0.025464,0.028283,0.019997,0.030668,0.036894,0.035918
-0.005027,-0.015696,-0.003502,-0.011886,-0.0013083,0.0042268,0.0013094
0.010813,0.033614,0.03579,0.037078,0.011738,0.0013168,0.019181
-0.015874,-0.01926,-0.010977,-0.014778,-0.0094754,-0.0037011,-0.0018756
0.060413,0.059583,0.061255,0.055841,0.054372,0.064208,0.067952
-0.04513,-0.050164,-0.05431,-0.05765,-0.06053,-0.052735,-0.066461
-0.078492,-0.082063,-0.081362,-0.085517,-0.083527,-0.087935,-0.088695
-0.034743,-0.031517,-0.041784,-0.029996,-0.040224,-0.061269,-0.054517
-0.082352,-0.09329,-0.096259,-0.09218,-0.098081,-0.092735,-0.098106
-0.044052,-0.040062,-0.052989,-0.060755,-0.057704,-0.063834,-0.07192
-0.10055,-0.10858,-0.11565,-0.10491,-0.12083,-0.12236,-0.10949
-0.021558,-0.011097,-0.016842,-0.0075513,-0.026211,-0.041649,-0.029278
-0.073524,-0.080355,-0.095551,-0.089311,-0.10025,-0.10346,-0.098936
-0.0014119,-0.011994,-0.0094638,-0.011814,-0.0026187,-0.0021044,0.00062877
0.060995,0.058131,0.059452,0.059882,0.059455,0.059711,0.058606
0.074301,0.076868,0.081203,0.079327,0.072409,0.07768,0.076566
0.058954,0.067866,0.066832,0.064006,0.066283,0.06549,0.062701
0.074602,0.077474,0.076779,0.07342,0.068865,0.073517,0.072919
0.049351,0.06101,0.054243,0.047837,0.053102,0.062105,0.053565
0.061016,0.05609,0.053202,0.062038,0.05883,0.056727,0.056876
0.068499,0.063916,0.063291,0.068411,0.059277,0.066645,0.064374
0.059128,0.056007,0.054156,0.062305,0.048875,0.051985,0.060794
0.069469,0.063639,0.068369,0.070561,0.062157,0.06914,0.067315
0.06823,0.067427,0.069719,0.066625,0.057687,0.062548,0.067792
0.04776,0.064424,0.059137,0.053131,0.050101,0.049214,0.027619
0.047222,0.068001,0.057697,0.052789,0.055832,0.055188,0.02537
0.067761,0.076684,0.072555,0.065589,0.056901,0.051639,0.043463
0.02771,0.029837,0.040389,0.028282,0.035558,0.027215,0.020301
0.067829,0.077371,0.07355,0.067484,0.063342,0.060922,0.049986
0.038293,0.053534,0.041713,0.042734,0.047023,0.037449,0.026409
0.051308,0.061612,0.061691,0.050153,0.052659,0.052496,0.033354
0.033103,0.03294,0.038728,0.034921,0.032644,0.027789,0.017583
0.037906,0.051903,0.048314,0.03569,0.036098,0.030106,0.0096387
0.055518,0.058389,0.052949,0.04926,0.052921,0.052754,0.03916
0.033715,0.040165,0.030407,0.035548,0.039845,0.039075,0.016964
0.04262,0.060166,0.047038,0.041899,0.044943,0.044198,0.021337
0.025227,0.030957,0.037393,0.025035,0.040826,0.030485,0.020539
0.028126,0.037107,0.048876,0.041988,0.040208,0.03636,0.027076
0.0064756,0.010857,0.032807,0.021486,0.026347,0.012752,0.015789
-0.033213,-0.033009,-0.013368,-0.0057814,-0.0070492,-0.019959,-0.01078
0.054247,0.071009,0.062609,0.056037,0.055813,0.050842,0.025979
0.057231,0.075129,0.068145,0.061999,0.05666,0.056652,0.035209
0.010125,0.015435,0.012918,0.011747,0.024754,0.024209,0.019233
-0.022638,-0.011862,-0.013933,-0.010568,-0.0040451,-0.003795,-0.010969
-0.045075,-0.049148,-0.030242,-0.027752,-0.029497,-0.038766,-0.021435
-0.0052604,0.0034218,-0.0017039,-0.0041847,0.00047769,-0.0007766,-0.0062904
-0.0012619,0.0080141,0.013425,0.018066,0.013755,0.00059131,0.014929
-0.0002636,0.0038609,0.0036506,0.00022117,0.0035869,0.0040306,0.0054484
-0.074623,-0.092529,-0.09827,-0.084197,-0.097806,-0.10159,-0.074486
0.01228,0.0005247,0.026173,0.015256,0.013528,0.014266,0.01905
-0.029742,-0.024586,-0.02285,-0.023362,-0.016614,-0.029348,-0.028077
0.026428,0.017376,0.03006,0.013767,0.021511,0.014196,0.013063
-0.090332,-0.097639,-0.10166,-0.095757,-0.10672,-0.10072,-0.092897
-0.020255,-0.033629,-0.033004,-0.030603,-0.04005,-0.048977,-0.033697
-0.020884,-0.028271,-0.040454,-0.028003,-0.030015,-0.040061,-0.026139
-0.076161,-0.080221,-0.075414,-0.075671,-0.078482,-0.08046,-0.058152
-0.018247,-0.022708,-0.0056604,-0.0027499,-0.0069335,-0.016912,-0.0011309
-0.056196,-0.067189,-0.062948,-0.049799,-0.055863,-0.0619,-0.049454
0.0047818,0.0024495,-0.0013042,0.00056397,0.014176,0.0013502,0.0015799
-0.063028,-0.07072,-0.070956,-0.068435,-0.074867,-0.073797,-0.057304
-0.018574,-0.024059,-0.02848,-0.030126,-0.018826,-0.014736,-0.031609
-0.059614,-0.064185,-0.05908,-0.048689,-0.043888,-0.059256,-0.042659
-0.010424,-0.022276,-0.0042144,-0.013157,-0.0087392,-0.010071,-0.0094906
-0.081539,-0.094006,-0.099365,-0.089056,-0.10617,-0.096615,-0.075525
-0.065335,-0.08417,-0.083339,-0.075791,-0.0892,-0.090272,-0.078313
0.0025273,-0.014789,-0.01943,-0.011413,-0.011108,-0.015608,-0.010565
-0.00052179,0.0020582,0.0010742,-0.0048543,0.0010883,-0.0011694,0.0046417
-0.014261,-0.0059981,-0.0074599,-0.014902,-0.0060366,-0.0088618,-0.017156
-0.012006,-0.035007,-0.016927,-0.023964,-0.021587,-0.030896,-0.024251
-0.059768,-0.073734,-0.074089,-0.068253,-0.075129,-0.063541,-0.062728
-0.0016664,-0.0074859,-0.010886,-0.0065589,0.0015835,-0.0066794,0.0018433
-0.063712,-0.067739,-0.075655,-0.069205,-0.069689,-0.064469,-0.060859
-0.019256,-0.027382,-0.0263,-0.022323,-0.013076,-0.011545,-0.028353
-0.0085929,-0.0038206,0.00458,-0.011179,0.0019166,-0.00070602,-0.011776
-0.029935,-0.036148,-0.038949,-0.042799,-0.029977,-0.035089,-0.035206
0.0029825,-0.0011009,-0.011036,0.0012178,0.0054912,-0.01009,-0.0060101
-0.0005789,-0.0099862,0.0023487,-0.0082395,0.0026421,-0.0096536,-0.00059325
-0.065775,-0.079346,-0.085444,-0.07522,-0.08712,-0.079028,-0.075167
-0.0057862,-0.0058861,-0.00038885,-0.010144,0.0025307,-0.0029768,-0.0016238
-0.042556,-0.053142,-0.046956,-0.038903,-0.048559,-0.040023,-0.039651
-0.024295,-0.042175,-0.038808,-0.049794,-0.05148,-0.046624,-0.047707
0.015178,0.015464,0.028552,0.0069215,0.027037,0.016824,0.010242
-0.054355,-0.071363,-0.070373,-0.075093,-0.068198,-0.067123,-0.064308
-0.082492,-0.083348,-0.084718,-0.082291,-0.08285,-0.086751,-0.070558
-0.017758,-0.021025,-0.01267,-0.027739,-0.013158,-0.0028643,-0.011773
-0.020248,-0.025483,-0.017759,-0.028612,-0.014316,-0.010797,-0.0126
-0.054527,-0.052127,-0.056512,-0.050882,-0.035695,-0.038254,-0.046424
-0.0113,-0.011871,-0.0075243,-0.0079795,-0.013884,-0.019742,-0.005207
-0.015535,-0.0058878,-0.00937,-0.0071662,-0.0061427,-0.0061052,0.0078175
0.012505,0.028039,0.021293,0.024187,0.015809,0.011773,0.016221
0.0066214,0.027753,0.01551,0.014663,0.019129,0.019009,0.015994
0.048624,0.047522,0.046843,0.041796,0.038708,0.027098,0.03607
0.031332,0.040755,0.041644,0.045571,0.033438,0.031977,0.023817
0.03529,0.038532,0.035203,0.030147,0.042017,0.033858,0.029327
0.051924,0.047922,0.044723,0.038174,0.055109,0.042711,0.045581
0.052834,0.049637,0.049883,0.03884,0.057229,0.043701,0.042652
0.036129,0.030127,0.040803,0.02229,0.036792,0.03376,0.029738
0.031538,0.026223,0.028513,0.023009,0.032954,0.021154,0.028047
0.06953,0.082095,0.083973,0.076213,0.074099,0.073923,0.075176
0.073174,0.082217,0.080292,0.077968,0.075039,0.07195,0.074847
0.029378,0.028511,0.02811,0.021242,0.035772,0.028779,0.037992
-0.0028054,-0.011099,-0.011268,-0.011346,-0.0088708,-0.017321,-0.010879
0.069798,0.066512,0.068848,0.070615,0.059979,0.063017,0.067527
0.064873,0.063394,0.063749,0.063253,0.057753,0.059766,0.065703
-0.008346,-0.017407,-0.0071896,0.0016618,-0.0063277,-0.0062144,-0.0034306
-0.011776,-0.017886,0.0044206,0.0026637,-0.00086913,-0.015888,0.0063153
-0.045709,-0.062018,-0.05089,-0.038811,-0.049303,-0.056174,-0.040774
-0.0075065,-0.0082493,0.0017612,-0.0088274,0.0058758,-0.0037417,0.011228
-0.00096042,0.0015779,0.00066652,-0.0055025,-0.00022728,-0.0014892,0.00089274
-0.051523,-0.045964,-0.039052,-0.046484,-0.039367,-0.029081,-0.044833
0.052056,0.050896,0.050706,0.05119,0.033594,0.042598,0.046452
0.077285,0.083158,0.083345,0.072507,0.075684,0.071787,0.073915
0.074439,0.065625,0.072568,0.068259,0.060129,0.06183,0.064889
0.071284,0.071412,0.067554,0.069615,0.059136,0.06516,0.06448
0.04731,0.045968,0.046818,0.032617,0.048305,0.050969,0.056362
0.047837,0.04852,0.0505,0.035745,0.051182,0.04844,0.056484
0.019963,0.008482,0.011732,0.012156,0.010951,0.020525,0.014559
0.02931,0.032924,0.040524,0.033597,0.037843,0.027798,0.027161
0.011372,0.011641,0.030946,0.018783,0.022128,0.011172,0.017536
0.036524,0.050393,0.05,0.035478,0.034838,0.035194,0.019561
0.04036,0.046416,0.051407,0.036799,0.039069,0.040313,0.015168
0.045754,0.040376,0.042308,0.031211,0.045633,0.053971,0.056734
-0.032693,-0.045405,-0.047484,-0.055736,-0.033828,-0.035153,-0.048266
0.015254,0.019256,0.013652,0.014876,0.021233,0.028381,0.022185
-0.079303,-0.081579,-0.073436,-0.069795,-0.083891,-0.067471,-0.048834
-0.076741,-0.083866,-0.079955,-0.073155,-0.087648,-0.071542,-0.063111
0.00091621,-0.0097965,-0.014695,-0.010826,-0.009887,-0.021337,-0.015028
0.06867,0.067043,0.070271,0.067361,0.058506,0.057646,0.067077
0.074277,0.069542,0.075167,0.070353,0.06237,0.062136,0.071179
0.076502,0.077622,0.076281,0.078553,0.06888,0.069114,0.073669
0.079502,0.079098,0.08205,0.077475,0.070956,0.077401,0.077477
0.079807,0.083284,0.085541,0.080657,0.076252,0.079641,0.080515
-0.049654,-0.055763,-0.053897,-0.0529,-0.058782,-0.050735,-0.060801
-0.046759,-0.031575,-0.032352,-0.022763,-0.023945,-0.033915,-0.022344
-0.059881,-0.059271,-0.050833,-0.038111,-0.045742,-0.050441,-0.040218
0.046068,0.051965,0.048543,0.04537,0.050127,0.052946,0.04864
-0.063036,-0.061038,-0.077276,-0.059147,-0.081923,-0.089494,-0.0832
0.060911,0.055744,0.056784,0.058298,0.05508,0.060906,0.061366
0.057777,0.046544,0.048107,0.052633,0.052688,0.054377,0.057683
0.042258,0.065886,0.054409,0.047962,0.049522,0.051358,0.024292
-0.064045,-0.071211,-0.064999,-0.053171,-0.05723,-0.061164,-0.056331
0.053114,0.053404,0.05002,0.044242,0.049595,0.058897,0.063341
-0.046553,-0.047821,-0.035562,-0.043809,-0.035319,-0.032962,-0.027144
-0.0012642,-0.0028112,-0.00062114,0.0032604,0.0082197,0.0090141,0.0079264
0.034598,0.040559,0.039177,0.037775,0.022262,0.021444,0.034014
0.052048,0.059727,0.065487,0.050691,0.057186,0.05157,0.039984
-0.051709,-0.05008,-0.037125,-0.031186,-0.035915,-0.033135,-0.017179
-0.08724,-0.10039,-0.097819,-0.087394,-0.10266,-0.10062,-0.085892
-0.03821,-0.041637,-0.054474,-0.039254,-0.028266,-0.02716,-0.040335
-0.061147,-0.072198,-0.073591,-0.071035,-0.069547,-0.057586,-0.064372
0.056724,0.054281,0.058385,0.052093,0.053228,0.050224,0.057834
-0.036343,-0.028984,-0.033063,-0.028686,-0.025931,-0.031653,-0.030611
0.019398,0.040623,0.046211,0.041428,0.039913,0.038922,0.028274
0.010651,0.022949,0.030736,0.011539,0.030453,0.037731,0.031974
0.063944,0.076086,0.074296,0.06286,0.066775,0.068084,0.063646
0.052958,0.052683,0.058768,0.049323,0.038949,0.043916,0.041986
0.011005,0.025187,0.020312,0.017545,0.022544,0.030819,0.021718
0.060857,0.06397,0.062749,0.053653,0.057935,0.063251,0.050707
-0.097215,-0.10474,-0.11299,-0.097153,-0.11091,-0.10133,-0.098738
0.056827,0.057686,0.052489,0.053151,0.049534,0.047938,0.045156
-0.023888,-0.024027,-0.022182,-0.028253,-0.021229,-0.02182,-0.012153
0.062988,0.060037,0.067763,0.056422,0.056643,0.061759,0.053069
-0.055292,-0.06728,-0.054702,-0.04077,-0.034959,-0.021976,-0.026439
-0.021053,-0.037282,-0.028473,-0.020439,-0.016832,-0.0090198,-0.017759
-0.024072,-0.023724,-0.020225,-0.015986,-0.0022119,0.0029736,-0.0022032
-0.073818,-0.080262,-0.074919,-0.066647,-0.057383,-0.040495,-0.033873
0.034775,0.038874,0.041076,0.037493,0.034487,0.025323,0.032371
-0.067528,-0.056154,-0.052553,-0.049572,-0.040552,-0.033963,-0.017254
0.072593,0.066104,0.073375,0.068434,0.059137,0.057041,0.064036
0.00087185,0.013174,0.017218,0.010039,0.013245,0.0013505,0.018371
-0.037917,-0.038164,-0.052693,-0.05091,-0.040454,-0.027763,-0.042588
-0.018538,-0.0066494,-0.014595,-0.014647,-0.008521,-0.0207,0.0056816
-0.026149,-0.0092652,-0.01038,-0.01338,-0.020957,-0.025833,-0.015657
-0.032996,-0.032058,-0.03537,-0.031534,-0.014061,-0.020685,-0.035764
-0.00062657,0.006997,0.0038633,0.012936,0.022114,0.025057,0.010708
-0.081719,-0.097752,-0.095717,-0.088573,-0.089663,-0.087363,-0.088296
-0.054485,-0.058282,-0.055075,-0.047042,-0.041942,-0.054,-0.040547
-0.017677,-0.013727,-0.015254,-0.0063775,0.0026324,0.009362,-0.012812
-0.056079,-0.059645,-0.065381,-0.052324,-0.06538,-0.059556,-0.05652
-0.01116,0.0038438,0.0019583,-0.006104,0.0017726,-0.0062355,0.012912
-0.088116,-0.094311,-0.099327,-0.084468,-0.095106,-0.096749,-0.085118
-0.04849,-0.049259,-0.04125,-0.027501,-0.031876,-0.042785,-0.037138
-0.050836,-0.050973,-0.047204,-0.047067,-0.043352,-0.041423,-0.034576
-0.037247,-0.024259,-0.018642,-0.027621,-0.023495,-0.030059,-0.027156
-0.05006,-0.063862,-0.070433,-0.066485,-0.062447,-0.070114,-0.06903
-0.024069,-0.018019,-0.02336,-0.011616,-0.0080823,-0.015125,-0.0090751
-0.0020861,-0.00028107,0.021255,0.012518,0.0088494,0.0075375,-0.00070226
0.034514,0.047021,0.038427,0.042986,0.048198,0.051343,0.036091
0.0086344,0.0059266,0.011076,0.0082842,0.01213,0.018753,0.0086316
-0.033942,-0.034682,-0.04422,-0.031376,-0.030023,-0.024629,-0.035006
0.049843,0.054968,0.054445,0.048029,0.051152,0.059058,0.047734
-0.041965,-0.046599,-0.040088,-0.042113,-0.037034,-0.036567,-0.045029
-0.049202,-0.063838,-0.044966,-0.044527,-0.04034,-0.033264,-0.03399
-0.06644,-0.073537,-0.071821,-0.064746,-0.067344,-0.058598,-0.056316
-0.016202,-0.014968,-0.01924,-0.019639,-0.0056241,0.0029128,-0.018201
-0.036807,-0.030384,-0.033269,-0.028193,-0.02065,-0.0082136,-0.02614
-0.030862,-0.030106,-0.033496,-0.034097,-0.02346,-0.012959,-0.022325
-0.042466,-0.043246,-0.04921,-0.048465,-0.038327,-0.028724,-0.039315
-0.051675,-0.050371,-0.0566,-0.046493,-0.043037,-0.03581,-0.024802
0.068528,0.077143,0.073616,0.0706,0.06593,0.06863,0.067386
-0.079775,-0.071551,-0.081625,-0.084837,-0.075411,-0.08484,-0.072278
0.070452,0.066825,0.065894,0.065257,0.062641,0.070754,0.063178
0.074074,0.075665,0.080124,0.076071,0.072732,0.070477,0.079179
-0.03429,-0.030415,-0.040591,-0.029787,-0.026344,-0.014262,-0.027366
0.012208,0.0091285,-0.008186,0.010663,0.012326,0.0072868,0.0029377
0.0062727,0.019297,0.0093325,0.013134,0.020162,0.024514,0.013116
0.052659,0.059523,0.051671,0.050099,0.05043,0.056937,0.047339
0.045181,0.056331,0.051795,0.044207,0.050123,0.053791,0.044784
-0.014765,-0.0048827,0.010949,0.0090012,-0.0033259,-0.013628,-0.0045133
0.050515,0.060884,0.052768,0.049383,0.05151,0.054189,0.04326
-0.026525,-0.027379,-0.030895,-0.015639,-0.01923,-0.022838,-0.018217
-0.028194,-0.024939,-0.024894,-0.021544,-0.011792,-0.011038,-0.017809
0.049825,0.042935,0.055241,0.041393,0.049258,0.033097,0.037808
-0.027638,-0.024365,-0.012677,-0.026452,-0.017577,-0.01938,-0.020402
-0.056672,-0.042509,-0.047518,-0.04278,-0.051949,-0.042941,-0.040922
-0.054436,-0.059682,-0.06268,-0.056128,-0.052161,-0.050701,-0.051538
-0.054184,-0.054206,-0.058969,-0.052887,-0.045538,-0.043688,-0.04502
-0.077135,-0.072224,-0.073535,-0.065824,-0.070805,-0.073492,-0.070158
-0.041284,-0.033799,-0.035344,-0.035154,-0.022511,-0.022538,-0.019227
-0.03835,-0.025106,-0.025004,-0.021498,-0.013235,-0.018592,-0.015422
-0.01247,-0.0089301,-0.0099058,-0.01239,0.0042574,0.00051763,0.0051238
0.056447,0.054095,0.053825,0.049428,0.041799,0.038195,0.032354
0.019642,0.027536,0.034993,0.024791,0.032706,0.017245,0.024061
0.05532,0.051837,0.06059,0.054226,0.053681,0.043214,0.041212
-0.062465,-0.064183,-0.056901,-0.056918,-0.045041,-0.040003,-0.049065
0.049131,0.042923,0.048508,0.038078,0.051776,0.039031,0.040167
0.041841,0.0427,0.043092,0.031246,0.031604,0.021472,0.027326
0.054389,0.048413,0.056484,0.044705,0.053405,0.042586,0.04928
-0.081929,-0.089091,-0.091217,-0.091376,-0.086515,-0.080412,-0.066159
-0.091399,-0.088761,-0.10262,-0.09835,-0.10052,-0.098698,-0.081835
0.046142,0.04522,0.052951,0.040263,0.045883,0.041478,0.038099
0.052895,0.045255,0.054299,0.04245,0.053455,0.037234,0.046348
-0.098993,-0.092332,-0.11119,-0.10142,-0.10406,-0.10518,-0.10088
-0.072785,-0.079619,-0.086991,-0.069244,-0.084714,-0.087195,-0.049231
-0.087705,-0.090597,-0.092898,-0.087355,-0.0881,-0.082297,-0.065264
-0.089778,-0.091116,-0.10283,-0.088752,-0.095592,-0.096433,-0.079945
-0.079974,-0.075051,-0.092877,-0.077567,-0.082275,-0.070296,-0.079281
-0.060629,-0.063366,-0.06925,-0.050276,-0.067778,-0.057027,-0.052834
-0.098416,-0.10047,-0.10884,-0.099524,-0.11177,-0.1061,-0.095786
-0.098563,-0.10022,-0.10968,-0.10229,-0.10992,-0.10487,-0.096325
-0.10184,-0.10334,-0.11008,-0.10249,-0.10308,-0.095329,-0.089427
-0.094714,-0.10162,-0.1025,-0.09347,-0.10044,-0.088491,-0.090475
-0.089411,-0.085485,-0.088394,-0.085793,-0.079289,-0.067999,-0.066997
-0.088472,-0.089253,-0.088026,-0.087149,-0.083773,-0.077942,-0.075458
-0.059312,-0.053808,-0.060413,-0.055385,-0.04804,-0.046105,-0.046709
-0.074754,-0.077164,-0.07782,-0.066733,-0.075383,-0.072695,-0.061799
-0.089633,-0.08994,-0.097337,-0.09249,-0.087678,-0.084922,-0.076278
-0.069033,-0.075731,-0.083007,-0.075979,-0.064027,-0.063755,-0.064571
-0.078071,-0.085314,-0.083912,-0.077334,-0.084941,-0.074815,-0.060334
-0.044861,-0.043873,-0.050651,-0.043254,-0.039084,-0.02485,-0.043025
-0.087778,-0.093995,-0.10188,-0.094132,-0.097886,-0.088912,-0.07271
-0.095194,-0.094936,-0.10357,-0.093415,-0.097029,-0.093762,-0.074801
-0.10001,-0.10485,-0.10402,-0.099927,-0.11496,-0.10323,-0.09137
-0.099114,-0.10109,-0.10209,-0.099554,-0.10654,-0.096041,-0.090872
