-0.0089077,-0.013315,-0.015099,-0.024076,0.0054582,-0.0045289,-0.0014776
-0.032444,-0.023522,-0.022237,-0.030592,-0.028095,-0.022751,-0.023932
-0.034169,-0.029767,-0.017919,-0.024702,-0.031416,-0.032507,-0.025091
-0.022283,-0.029383,-0.020042,-0.029878,-0.033967,-0.015158,-0.018154
-0.023368,-0.031939,-0.017185,-0.029919,-0.024506,-0.033498,-0.020898
-0.042827,-0.044827,-0.043498,-0.043414,-0.044494,-0.042155,-0.035347
-0.035532,-0.041315,-0.033069,-0.039498,-0.036639,-0.02975,-0.026996
-0.028967,-0.033125,-0.026442,-0.0391,-0.036907,-0.028113,-0.027315
-0.021194,-0.049968,-0.023739,-0.041698,-0.040299,-0.041781,-0.031804
-0.043445,-0.036429,-0.042582,-0.044136,-0.043043,-0.043398,-0.040119
-0.019871,-0.031469,-0.027897,-0.041383,-0.037814,-0.027905,-0.028378
-0.020697,-0.01608,-0.015364,-0.023089,-0.026649,-0.013557,-0.016026
-0.013532,-0.013283,-0.0022354,-0.020814,-0.018027,-0.027526,-0.016747
-0.01686,-0.021599,-0.0076605,-0.018252,-0.025008,-0.030727,-0.028098
-0.033215,-0.041198,-0.020308,-0.028942,-0.03444,-0.037823,-0.028539
-0.037066,-0.028634,-0.033108,-0.031814,-0.036161,-0.030643,-0.029147
-0.022157,-0.028681,-0.013656,-0.022403,-0.026733,-0.032389,-0.024873
-0.033927,-0.02782,-0.021774,-0.027765,-0.025594,-0.025722,-0.024052
-0.018359,-0.042724,-0.022493,-0.028105,-0.040596,-0.034111,-0.023125
-0.040934,-0.050704,-0.037689,-0.041086,-0.040328,-0.03737,-0.0229
-0.020827,-0.019604,-0.0056385,-0.015273,-0.021437,-0.024949,-0.017685
-0.062102,-0.06111,-0.057901,-0.066045,-0.057004,-0.058611,-0.046102
-0.023337,-0.034208,-0.019791,-0.0239,-0.029609,-0.029377,-0.020894
-0.029875,-0.015313,-0.013031,-0.018719,-0.019233,-0.019274,-0.0074711
-0.0095922,-0.0053924,-0.014542,-0.014065,-0.0061514,-0.0033271,-0.010492
-0.0010056,-0.0044555,0.0035619,-0.0022627,0.0025293,0.0046182,-0.003454
-0.018359,-0.011486,-0.0096168,-0.014071,-0.0058549,-0.0068423,-0.014222
-0.013857,-0.011019,-0.010829,-0.015459,-0.015306,-0.014264,-0.011492
-0.0033717,-0.0020773,-4.3937e-05,-0.0085016,2.2797e-05,0.0026681,-0.0011852
-0.040109,-0.027953,-0.017616,-0.022897,-0.024833,-0.033502,-0.017422
-0.013959,-0.012062,-0.0079886,-0.0058933,-0.0091363,-0.00030022,-0.011016
-0.050025,-0.041521,-0.035244,-0.034355,-0.037288,-0.042317,-0.027725
-0.017074,-0.013702,-0.022699,-0.020013,-0.019195,-0.011199,-0.0075191
-0.011806,-0.016879,-0.018703,-0.019677,-0.013535,-0.014581,-0.012677
-0.016859,-0.011797,-0.0070271,-0.0070587,-0.0049732,0.0015481,-0.0096113
-0.013889,-0.015023,-0.016591,-0.013928,-0.018233,-0.020788,-0.013582
-0.023604,-0.023943,-0.032551,-0.030528,-0.025823,-0.019942,-0.02088
-0.014334,-0.012545,-0.014737,-0.011827,-0.010633,-0.0075729,-0.010816
-0.0043139,-0.012479,-0.0076469,0.0014685,-0.0052925,0.0015934,-0.003923
-0.00031216,-0.0088041,-0.0058593,-0.00038143,-0.0073436,-0.0040447,0.0058142
-0.021579,-0.014602,-0.015577,-0.0076712,-0.011081,-0.010513,-0.012187
-0.0083749,-0.009431,-0.0074168,-0.0088442,-0.01052,-6.96e-05,-0.0090824
-0.036518,-0.029531,-0.030068,-0.035617,-0.031176,-0.030443,-0.02654
-0.018321,-0.015356,-0.020533,-0.021823,-0.015856,-0.015437,-0.020103
-0.016814,-0.013777,-0.012977,-0.01996,-0.01375,-0.01331,-0.0074988
-0.021766,-0.024569,-0.025863,-0.030715,-0.033782,-0.016081,-0.01901
-0.0042227,-0.0028627,0.0019571,0.0029381,0.0048523,0.0022585,0.00049823
-0.02165,-0.018741,-0.019494,-0.022881,-0.015396,-0.015786,-0.019107
-0.014795,-0.012024,-0.0074063,-0.0093476,-0.010833,-0.0064591,-0.0082171
-0.021194,-0.017315,-0.015483,-0.015005,-0.013627,-0.0064028,-0.018405
-0.024703,-0.017791,-0.017378,-0.016605,-0.016642,-0.012474,-0.021962
-0.014068,-0.010926,-0.0069409,-0.011776,0.0018214,-0.0019003,-0.010473
-0.0090601,-0.0029946,-0.0044735,-0.0093225,-0.0062084,-0.0028447,-0.0038022
-0.047627,-0.043196,-0.043408,-0.057218,-0.049794,-0.049219,-0.037778
-0.036452,-0.031086,-0.034892,-0.038947,-0.043112,-0.035777,-0.030635
-0.020786,-0.013554,-0.016586,-0.022141,-0.012282,-0.011123,-0.013068
-0.012485,-0.0139,-0.010494,-0.014081,-0.020887,-0.0015203,-0.011784
-0.016738,-0.0084338,-0.006599,-0.015673,-0.013491,-0.0038066,-0.010846
-0.019159,-0.027861,-0.030265,-0.031635,-0.021174,-0.028529,-0.023775
-0.013804,-0.010383,-0.014186,-0.017327,-0.015393,-0.010477,-0.011832
-0.011487,-0.013724,-0.014968,-0.018282,-0.013058,-0.011899,-0.011343
-0.012597,-0.015314,-0.017396,-0.018186,-0.017684,-0.016518,-0.013384
-0.058829,-0.054672,-0.057873,-0.062733,-0.058416,-0.053693,-0.049972
-0.026448,-0.026995,-0.022666,-0.03183,-0.029472,-0.015988,-0.024925
-0.070719,-0.066283,-0.067117,-0.072031,-0.066033,-0.064087,-0.060877
-0.027903,-0.026811,-0.027744,-0.033716,-0.038881,-0.025809,-0.020027
-0.032175,-0.0334,-0.031625,-0.040637,-0.031306,-0.022027,-0.027341
-0.019337,-0.016832,-0.016255,-0.022554,-0.025728,-0.0065952,-0.01604
-0.024053,-0.02048,-0.024566,-0.025238,-0.024398,-0.015725,-0.018269
-0.027779,-0.023115,-0.024913,-0.026732,-0.033207,-0.024501,-0.026578
-0.056585,-0.052413,-0.058054,-0.055193,-0.054889,-0.042794,-0.042693
-0.036214,-0.038992,-0.03594,-0.039924,-0.036504,-0.027784,-0.028702
-0.019735,-0.017065,-0.020894,-0.017359,-0.015989,-0.0085581,-0.0064329
-0.025083,-0.022827,-0.022894,-0.028822,-0.02084,-0.016408,-0.021969
-0.019624,-0.031363,-0.022182,-0.029048,-0.017585,-0.01605,-0.010301
-0.0773,-0.07417,-0.074426,-0.07824,-0.070674,-0.071205,-0.065031
-0.075763,-0.073743,-0.072071,-0.077762,-0.067941,-0.067514,-0.056327
-0.053221,-0.052044,-0.044855,-0.054546,-0.035655,-0.041735,-0.029324
-0.062413,-0.057089,-0.053496,-0.053268,-0.048213,-0.045308,-0.04061
-0.055771,-0.054387,-0.053771,-0.054941,-0.041672,-0.043142,-0.031233
-0.062903,-0.055219,-0.057834,-0.063601,-0.055303,-0.047029,-0.049908
-0.077719,-0.070999,-0.071149,-0.077107,-0.071873,-0.065523,-0.059694
-0.028961,-0.024997,-0.026141,-0.029285,-0.028119,-0.020476,-0.023653
-0.036877,-0.030561,-0.033812,-0.03636,-0.029713,-0.02796,-0.022722
-0.052893,-0.063576,-0.045194,-0.056923,-0.052461,-0.052865,-0.048922
-0.074201,-0.072697,-0.059695,-0.070752,-0.065367,-0.068048,-0.055176
-0.0090591,-0.011764,-0.016452,-0.017466,-0.011407,-0.010865,-0.0037748
-0.021137,-0.023474,-0.024153,-0.026653,-0.0229,-0.01572,-0.02102
-0.01473,-0.020261,-0.016957,-0.016762,-0.016433,-0.012122,-0.016681
-0.018984,-0.018373,-0.017964,-0.014083,-0.015895,-0.011843,-0.01406
0.0013863,-0.0012954,0.0065492,0.0095859,0.0098186,0.014112,0.0074529
0.00070943,-6.9918e-05,0.0076656,0.0077701,0.0069588,0.017616,0.008259
0.0021267,-0.00040756,0.0066219,0.0071674,0.0005881,0.014559,0.010884
-0.00644,-0.0062357,-0.0098019,-0.0091271,-0.0090539,-0.0060172,-0.0019983
-0.0013201,-0.006421,0.00098071,0.0085333,-0.00014707,0.014701,0.009899
-0.0048365,-0.0059135,-0.002366,0.0077289,-0.0005078,0.013114,0.0050171
-0.036898,-0.029717,-0.036578,-0.04112,-0.033105,-0.024202,-0.025805
-0.067742,-0.061123,-0.065098,-0.070053,-0.064077,-0.059232,-0.054204
-0.059821,-0.056689,-0.053273,-0.058205,-0.043381,-0.044955,-0.037354
-0.050967,-0.048355,-0.043059,-0.047072,-0.03978,-0.036079,-0.023021
-0.029507,-0.026143,-0.026602,-0.029515,-0.018978,-0.012423,-0.017212
-0.061786,-0.057924,-0.053341,-0.05225,-0.043237,-0.039757,-0.036973
-0.065835,-0.067822,-0.068934,-0.071815,-0.061061,-0.060349,-0.041363
-0.05546,-0.04354,-0.052152,-0.050467,-0.046998,-0.039566,-0.036469
-0.065466,-0.057276,-0.062394,-0.06648,-0.060289,-0.050488,-0.043645
-0.073154,-0.068939,-0.070364,-0.073347,-0.063348,-0.05908,-0.043597
-0.074689,-0.07106,-0.072085,-0.075437,-0.068434,-0.063518,-0.047643
-0.00078294,-0.00479,-0.0027824,0.00079733,-0.0063891,0.0091691,0.0024043
-0.0072137,-0.0095138,-0.0042404,-0.0088783,0.0015016,0.0012913,0.0019634
0.0019293,-0.0052667,0.0017183,-0.009457,-0.0041483,0.0020307,0.00015291
-0.041864,-0.046644,-0.039105,-0.03684,-0.036927,-0.037424,-0.024275
0.0032221,-3.0414e-05,-0.0001755,-0.001512,0.002932,0.0070232,0.002542
-0.02839,-0.026752,-0.035321,-0.034508,-0.01858,-0.025794,-0.015756
0.0097056,0.00018892,0.00045401,-0.00026567,0.0054036,0.013673,0.012529
-0.034932,-0.05351,-0.033463,-0.040981,-0.038912,-0.033157,-0.034887
-0.043534,-0.046415,-0.045701,-0.047799,-0.045973,-0.041129,-0.028098
-0.060251,-0.064322,-0.057408,-0.066899,-0.053058,-0.054447,-0.045871
-0.037766,-0.039877,-0.041997,-0.052,-0.041178,-0.038939,-0.033659
-0.012349,-0.0081422,-0.01839,-0.021571,-0.011019,-0.013809,-0.015343
0.0018453,-0.0028329,-0.0010941,-0.0028024,0.0058273,0.0085166,0.0042487
0.00080094,0.0034224,0.00028943,0.0029618,0.0086172,0.0091746,0.0093569
0.0088205,0.0084492,0.011724,0.0079599,0.015872,0.013341,0.011591
-0.0012392,-0.00073768,-0.0023317,-0.0088354,0.0040727,0.0065885,-0.0017085
0.057031,0.047704,0.052807,0.058381,0.054951,0.049771,0.033999
0.022995,0.02079,0.027721,0.02639,0.033336,0.026475,0.01929
0.0090118,0.0033743,0.0065439,0.0013753,0.013932,0.0045719,0.015143
0.0045861,0.0035074,0.0097393,0.010496,0.011673,0.0036631,0.0068048
0.0081844,0.011489,0.013082,0.0032326,0.019254,0.012117,0.0076799
0.026423,0.024416,0.029601,0.023595,0.039524,0.023559,0.028857
0.024371,0.016861,0.02894,0.02528,0.025657,0.030326,0.024528
0.12253,0.11945,0.12281,0.13479,0.11184,0.1106,0.096707
0.065547,0.072615,0.070252,0.070938,0.056442,0.070629,0.050813
0.12421,0.11655,0.1196,0.12848,0.10269,0.10575,0.093323
0.1258,0.1066,0.11087,0.12134,0.10253,0.09653,0.075888
0.12017,0.11842,0.12025,0.12962,0.11363,0.10844,0.093762
0.12475,0.11481,0.11502,0.12519,0.098967,0.10462,0.085217
0.12929,0.12349,0.12551,0.1376,0.11323,0.11097,0.10011
0.11587,0.10988,0.11097,0.12027,0.10011,0.099603,0.089542
0.12657,0.12003,0.12467,0.1328,0.10406,0.1127,0.099214
0.12896,0.13373,0.1278,0.13664,0.12071,0.11004,0.097515
0.10714,0.11265,0.1073,0.10872,0.090693,0.08306,0.068475
0.098399,0.088625,0.08947,0.093756,0.074915,0.082588,0.054894
0.12805,0.12838,0.12779,0.13864,0.11778,0.11311,0.096801
0.139,0.12439,0.11563,0.12881,0.11667,0.099451,0.098252
0.035491,0.037599,0.023949,0.041591,0.03934,0.038801,0.034185
0.11396,0.10165,0.088325,0.10655,0.098167,0.086731,0.083901
0.14486,0.13519,0.12386,0.13397,0.12147,0.10933,0.10269
0.11545,0.10502,0.10755,0.1174,0.1037,0.092278,0.086165
0.1192,0.10379,0.096042,0.11318,0.10402,0.098644,0.090147
0.099962,0.083315,0.092736,0.10402,0.092613,0.087108,0.078098
0.14405,0.12985,0.12058,0.13492,0.11731,0.10431,0.097764
0.096242,0.081915,0.083657,0.096367,0.084885,0.088319,0.074698
0.14511,0.13801,0.1299,0.14041,0.12496,0.11431,0.10804
0.11821,0.1058,0.090519,0.11025,0.097586,0.083761,0.086909
0.13863,0.13775,0.12651,0.12946,0.12261,0.10622,0.10198
0.13121,0.12318,0.12056,0.13199,0.11947,0.11263,0.098626
0.13657,0.13258,0.11798,0.13541,0.11816,0.10473,0.089306
0.13946,0.13251,0.1281,0.13879,0.12037,0.11595,0.10041
0.12122,0.11186,0.099583,0.1173,0.10437,0.096782,0.076363
0.11911,0.10516,0.10842,0.11789,0.1029,0.095095,0.084643
0.14127,0.13574,0.12433,0.13994,0.11932,0.10799,0.096067
0.13922,0.13378,0.1273,0.13526,0.12154,0.10975,0.095424
0.10725,0.1005,0.09936,0.11447,0.098738,0.093646,0.075811
0.066657,0.075764,0.060982,0.078303,0.090414,0.082017,0.065388
0.028331,0.028741,0.022006,0.022756,0.01988,0.038127,0.031054
0.055176,0.061154,0.044887,0.05746,0.052101,0.062659,0.055635
0.13433,0.13073,0.11409,0.12349,0.11377,0.10619,0.096066
0.041026,0.055763,0.045079,0.051643,0.05224,0.061655,0.049002
0.13867,0.13007,0.12025,0.13298,0.11971,0.10841,0.099852
0.12754,0.1135,0.10589,0.11796,0.11238,0.10258,0.091591
0.10911,0.104,0.091839,0.10339,0.094334,0.091174,0.085155
0.11957,0.11097,0.10075,0.10703,0.10891,0.091941,0.087533
0.10723,0.093352,0.080126,0.10109,0.089032,0.087267,0.07838
0.012933,0.0080837,0.015924,0.018885,0.0092074,0.017783,0.017083
0.089466,0.081914,0.077317,0.10082,0.089853,0.07336,0.076678
0.022622,0.019936,0.018739,0.015381,0.013411,0.028349,0.020886
0.074158,0.076828,0.076136,0.071295,0.064183,0.065115,0.055658
0.032582,0.032693,0.035414,0.043748,0.03145,0.039622,0.040216
0.10253,0.099221,0.083357,0.083592,0.082671,0.082074,0.072225
-0.025578,-0.00098691,-0.020859,-0.032478,-0.018638,-0.014961,-0.014556
0.043265,0.045398,0.036493,0.038564,0.029664,0.044041,0.043654
0.0031795,-0.0011721,0.0055635,0.0030578,0.00041559,0.0065199,0.0012643
0.04708,0.043008,0.044945,0.059639,0.041192,0.03772,0.050256
0.0035376,0.00060511,0.0084968,0.020561,-0.0021926,0.007712,0.0076672
0.022107,0.021126,0.018172,0.020663,0.010046,0.011928,0.015562
0.014727,0.027761,0.010671,0.013168,0.008752,0.021425,0.013512
0.009527,0.012276,0.0038921,0.0091139,0.0083033,0.016033,0.010543
0.081263,0.081163,0.065217,0.064412,0.069355,0.066067,0.056558
0.089325,0.083384,0.052873,0.076769,0.070442,0.044858,0.04467
0.033942,0.028598,0.033659,0.03894,0.036101,0.030839,0.025177
0.082828,0.079947,0.069544,0.090921,0.07711,0.065674,0.055713
0.12793,0.12779,0.11103,0.12545,0.10462,0.09466,0.088418
-0.0046652,-0.0043013,-0.0035955,0.0030765,-0.0023792,-0.0034331,-0.0026277
0.01092,0.013952,0.0087031,0.011886,0.016837,0.002266,0.0062517
0.12666,0.12338,0.1075,0.12335,0.10777,0.098306,0.084771
0.09442,0.10532,0.091747,0.10895,0.08876,0.063847,0.06379
-0.0023734,-0.0070413,-0.011107,-0.0043862,-0.0060859,-0.0031736,-0.0092303
0.10936,0.11026,0.093919,0.11008,0.10071,0.084388,0.07284
0.062167,0.061273,0.040367,0.046637,0.048223,0.038623,0.039494
-0.029562,-0.038131,-0.027056,-0.039131,-0.024878,-0.03444,-0.021803
-0.038276,-0.033753,-0.027105,-0.033287,-0.033112,-0.035089,-0.024026
-0.040752,-0.049661,-0.026956,-0.043592,-0.038474,-0.047896,-0.035652
-0.014509,-0.013061,-0.0092251,-0.013525,-0.010427,-0.024067,-0.010958
-0.020386,-0.030282,-0.01016,-0.026234,-0.019058,-0.032003,-0.024322
-0.026765,-0.033294,-0.018969,-0.025967,-0.022072,-0.030192,-0.016828
-0.014075,-0.0045693,-0.0085392,-0.007071,-0.0092604,-0.022983,-0.012098
-0.023119,-0.034116,-0.020885,-0.022415,-0.022087,-0.027579,-0.012753
-0.030188,-0.033481,-0.018191,-0.024567,-0.027009,-0.03234,-0.020538
-0.015494,-0.019978,-0.010683,-0.017325,-0.014018,-0.024361,-0.0098367
-0.062274,-0.056762,-0.052457,-0.05207,-0.052961,-0.048139,-0.039965
-0.032602,-0.034788,-0.0266,-0.027064,-0.023645,-0.035402,-0.017982
-0.015558,-0.012968,-0.011818,-0.011637,-0.017825,-0.018378,-0.022383
-0.0089482,-0.0071847,-0.0011641,-0.012317,-0.009428,-0.019976,-0.013747
-0.023211,-0.027869,-0.022879,-0.019598,-0.022682,-0.030575,-0.018945
0.01316,0.026433,0.016451,0.028425,0.011038,0.020723,0.022016
-0.0254,-0.0034142,-0.016209,-0.014174,-0.023021,-0.012212,-0.015764
-0.0088352,0.0067542,-0.0015723,0.0047029,-0.0031152,0.0001036,-0.011901
0.024614,0.028316,0.027145,0.028339,0.012966,0.030497,0.023103
-0.036055,-0.031023,-0.032258,-0.032594,-0.030018,-0.0377,-0.027754
0.01804,0.032546,0.033234,0.02848,0.020761,0.020072,0.018321
0.022942,0.033269,0.022777,0.028119,0.014646,0.024238,0.013356
0.014761,0.011281,0.0066801,0.010508,0.0026556,0.018325,0.018056
-0.047357,-0.034593,-0.035509,-0.036396,-0.025265,-0.034262,-0.023853
-0.017967,-0.0061302,-0.014049,-0.014943,-0.020088,-0.01504,-0.019614
-0.014681,-0.0019641,-0.011004,-0.0033164,-0.011038,-0.02326,-0.016551
-0.02084,-0.012131,-0.021355,-0.020831,-0.024769,-0.019791,-0.017136
-0.019533,-0.012739,-0.011004,-0.0090524,-0.019357,-0.022469,-0.025631
-0.027567,-0.024654,-0.023057,-0.022745,-0.031569,-0.031555,-0.028486
0.00080077,-0.0015915,-0.0027805,-0.0030382,-0.0047187,0.0049192,-0.0036556
-0.028711,-0.025707,-0.029599,-0.033703,-0.036081,-0.030746,-0.026643
-0.00052296,0.0010332,-0.0013791,-9.3524e-05,-0.0038727,0.0075115,-0.0031791
-0.041617,-0.034802,-0.037386,-0.0358,-0.040776,-0.037182,-0.03789
-0.0386,-0.049071,-0.032097,-0.045736,-0.035444,-0.024032,-0.023853
-0.076272,-0.070289,-0.069687,-0.078377,-0.071013,-0.065623,-0.065512
-0.060926,-0.055771,-0.054579,-0.062216,-0.060796,-0.054542,-0.05165
-0.044355,-0.041111,-0.040603,-0.04352,-0.047583,-0.045037,-0.041882
-0.053855,-0.051445,-0.048281,-0.049908,-0.050616,-0.044333,-0.041544
-0.069546,-0.067399,-0.067007,-0.071724,-0.063186,-0.05738,-0.051588
-0.041656,-0.039338,-0.038911,-0.053586,-0.049147,-0.046533,-0.044241
-0.066482,-0.061528,-0.063892,-0.065595,-0.063183,-0.053266,-0.052739
-0.054639,-0.0543,-0.052595,-0.061483,-0.056958,-0.053436,-0.052694
-0.0092826,-0.0079373,-0.0080238,-0.0078319,-0.011734,-0.0020024,-0.0041058
-0.014654,-0.012947,-0.015155,-0.010224,-0.01669,-0.0077644,-0.0061808
-0.013511,-0.011796,-0.013723,-0.014412,-0.013361,-0.0083879,-0.0041286
-0.017668,-0.01437,-0.01718,-0.017639,-0.020969,-0.015031,-0.013033
-0.0091202,-0.0066398,-0.0054868,-0.0025925,-0.0062031,-0.0001891,-0.0042076
0.0039304,0.0025233,0.0099085,0.01272,0.001098,0.010373,0.011471
-0.016867,-0.0098354,-0.012216,-0.0069219,-0.013485,-0.0055514,-0.0066239
-0.021741,-0.021276,-0.026124,-0.025819,-0.028351,-0.025551,-0.021005
-0.030718,-0.030676,-0.031469,-0.033586,-0.02642,-0.030059,-0.014691
0.062395,0.052466,0.056596,0.06549,0.055761,0.063671,0.050776
-0.0011823,0.0089115,0.0084739,0.0026359,0.0067417,0.010307,0.020637
-0.013058,-0.0020494,-0.0070387,-0.0088667,-0.0010592,-0.010401,0.0046151
0.0040011,0.007534,0.0036893,0.0056298,0.0048129,0.014165,0.021086
0.083735,0.070296,0.078497,0.086118,0.077288,0.072929,0.059019
0.015332,0.010066,0.004654,0.0073864,0.0046126,0.011768,0.018368
-0.026699,-0.022889,-0.014658,-0.017102,-0.011014,-0.017349,-0.012435
0.0039218,0.0077931,0.00099367,-0.00079524,0.0053912,0.0031335,0.006371
0.0069167,0.0047457,0.0035276,0.0054709,0.009536,0.017761,0.013569
0.057407,0.042827,0.053418,0.066711,0.05537,0.053318,0.043076
0.0031309,0.0078672,0.0048466,0.0057344,0.0062585,0.013934,0.0093902
0.034554,0.028673,0.025854,0.028496,0.031776,0.03655,0.028228
0.00081732,0.0047116,0.0051901,0.0040299,0.0078759,0.012132,0.011755
0.068258,0.054769,0.063405,0.075075,0.065395,0.062815,0.050452
0.018768,0.013154,0.0088933,0.012143,0.015931,0.0186,0.0135
0.020018,0.0268,0.016592,0.033554,0.027122,0.029594,0.029414
-0.023318,-0.02709,-0.01711,-0.022255,-0.026584,-0.018869,-0.010029
-0.04142,-0.049105,-0.035514,-0.036651,-0.04119,-0.043881,-0.033932
-0.041819,-0.043308,-0.034445,-0.030445,-0.026614,-0.03358,-0.021001
-0.066209,-0.059412,-0.055493,-0.064325,-0.057731,-0.06003,-0.041915
-0.046157,-0.039719,-0.040204,-0.04911,-0.038955,-0.039242,-0.024536
-0.020871,-0.021299,-0.011204,-0.017703,-0.0143,-0.011296,-0.0063607
-0.020616,-0.021996,-0.0097772,-0.014549,-0.010692,-0.016674,-0.01028
-0.0077603,-0.011536,-0.0048002,2.0111e-05,0.0090519,-0.0045157,-0.0039963
-0.024415,-0.029019,-0.0088427,-0.013845,-0.011974,-0.021549,-0.009688
-0.022418,-0.022283,-0.013327,-0.017899,-0.013245,-0.016759,-0.0076988
-0.066017,-0.060122,-0.063229,-0.066515,-0.05098,-0.045008,-0.037019
-0.050869,-0.05279,-0.052064,-0.059017,-0.041259,-0.046779,-0.036801
-0.051714,-0.051254,-0.047489,-0.056541,-0.044782,-0.034551,-0.039758
-0.0028779,-0.018103,-0.013023,-0.019862,-0.018096,-0.0095177,-0.01311
-0.046143,-0.058454,-0.051741,-0.058235,-0.052699,-0.042589,-0.045505
-0.070106,-0.067769,-0.068647,-0.069342,-0.060305,-0.051804,-0.043667
-0.045927,-0.047308,-0.04981,-0.056937,-0.053861,-0.034747,-0.043713
-0.042541,-0.036996,-0.036828,-0.04259,-0.038884,-0.027729,-0.027842
-0.044736,-0.049977,-0.050768,-0.05106,-0.042141,-0.035382,-0.029057
-0.072062,-0.06649,-0.067866,-0.072776,-0.067433,-0.059465,-0.056067
-0.055222,-0.058038,-0.057543,-0.058919,-0.056453,-0.038878,-0.035103
-0.060438,-0.058779,-0.060841,-0.062299,-0.048702,-0.046189,-0.036114
-0.026279,-0.033531,-0.024942,-0.032724,-0.033006,-0.027699,-0.028239
-0.035026,-0.038709,-0.037015,-0.040127,-0.023986,-0.029004,-0.026864
-0.035225,-0.04042,-0.045229,-0.044281,-0.040216,-0.039694,-0.04254
-0.0044962,-0.011004,-0.00056455,-0.012087,0.0039107,-0.00567,0.00031989
-0.044399,-0.050157,-0.052157,-0.05963,-0.048565,-0.044035,-0.047424
-0.050472,-0.05622,-0.056324,-0.0583,-0.052365,-0.044108,-0.045585
0.0053145,-0.0090221,0.0039104,-0.0067093,-0.0078656,-0.00072564,-0.0039513
-0.0075165,-0.0097694,-0.0049876,-0.0090408,0.0023973,-0.0044704,-0.0014704
-0.00027315,-0.0039407,-0.0043349,-0.0088461,-0.011304,-0.0016911,-0.010253
-0.00705,-0.0091118,-0.0070898,-0.0052171,-0.010189,-0.0064598,-0.0095454
-0.0069629,-0.013428,-0.0062754,-0.0090965,-0.0093177,0.00044519,-0.0010085
-0.010172,-0.011786,-0.012698,-0.0098225,-0.012694,-0.010214,-0.0046641
-0.010136,-0.012268,-0.008879,-0.014287,-0.013374,-0.0060167,-0.01582
-0.00341,-0.0075516,-0.010027,-0.0048445,-0.011489,-0.0028422,-0.0018866
-0.010373,-0.021765,-0.016697,-0.0074298,-0.019208,-0.0080471,-0.020461
-0.01003,-0.0061515,-0.0055992,-0.0012016,-0.0027726,0.0013676,0.0037738
-0.020173,-0.022529,-0.020843,-0.014039,-0.020616,-0.014932,-0.013004
-0.013943,-0.01645,-0.0061235,-0.0071062,-0.01683,-0.014363,-0.006883
-0.0043413,-0.0087514,-0.0079951,-0.0014554,-0.0036346,-0.0033979,-0.0011638
-0.010719,-0.014516,-0.012,-0.0074708,-0.010092,-0.013491,-0.00208
-0.014098,-0.016046,-0.018524,-0.00094527,-0.014891,-0.0066138,-0.01232
-0.02936,-0.024989,-0.021931,-0.03246,-0.026402,-0.02783,-0.02993
-0.013651,-0.0083738,-0.010446,-0.0010809,-0.0024141,-0.003618,0.00069
-0.023604,-0.020868,-0.023896,-0.028164,-0.025779,-0.012407,-0.020116
-0.012213,-0.01234,-0.0056147,-0.0057139,0.0088806,0.00099413,0.0044972
-0.0089087,-0.015386,-0.015771,-0.014885,-0.019769,-0.0055115,-0.018208
-0.0065199,-0.010174,-0.012066,-0.0039201,-0.0087148,-0.0055179,-0.0027834
-0.012026,-0.014063,-0.012753,-0.0060983,-0.011291,-0.0062581,-0.0041669
-0.012972,-0.019707,-0.011445,-0.0017441,-0.012497,-0.015533,-0.0048327
0.0016266,-0.012423,-0.010096,-0.015872,-0.015542,-0.007195,-0.0093219
-0.0022963,-0.0098552,-0.0035355,-0.0047661,-0.0076458,0.0024581,-0.0069151
-0.010375,-0.010212,-0.011789,-0.0060209,-0.0085711,-0.011834,-0.0020909
-0.0070126,-0.0094619,-0.011861,-0.0069351,-0.010362,-0.0073968,-0.0045431
-0.0070898,-0.0079926,-0.012536,-0.0059419,-0.0099679,-0.0086782,-0.0044829
-0.0092781,-0.01019,-0.013089,-0.0069536,-0.0091311,-0.0031891,-0.0013707
-0.012846,-0.0074368,-0.01406,-0.014274,-0.016443,-0.0017391,-0.0075042
-0.0075599,-0.0042523,-0.008446,-0.0022033,-0.0080497,0.010623,0.00070599
0.0018996,-0.001148,-0.0083314,-0.0015886,-0.0086979,-0.00033067,-0.001769
-0.014986,-0.0048832,-0.018755,-0.011446,-0.010181,-0.0074753,-0.0079206
-0.0073599,-0.00023219,-0.0084859,-0.0093848,-0.0051605,-0.0093478,-0.0037502
-0.0063706,-0.0083855,-0.00961,-0.0039737,-0.0052907,-0.003847,-0.0015125
-0.0066965,-0.0087259,-0.0085758,-0.0062661,-0.010052,-0.0055951,-0.0062095
-0.0065372,-0.004155,-0.012445,-0.010818,-0.005136,-0.0084671,-0.00015986
-0.0079931,-0.010663,-0.013545,-0.0065814,-0.0080404,-0.0072837,-0.0046134
0.0017546,0.018014,0.0085417,0.0023101,0.0049613,0.019483,0.012168
-0.0016236,-0.0088777,-0.01254,-0.0039083,-0.0047497,-0.0037815,-0.0043007
-0.0099117,-0.011938,-0.015537,-0.010913,-0.011137,-0.0071343,-0.0023998
-0.030885,-0.027257,-0.032853,-0.040942,-0.039918,-0.031986,-0.02376
-0.042278,-0.038509,-0.04018,-0.047445,-0.040543,-0.039416,-0.034511
-0.023201,-0.015732,-0.016216,-0.01273,-0.020188,-0.013459,-0.019685
0.0025357,-0.010571,-0.0034718,-0.0060592,-0.0033191,-0.0018611,0.00065586
0.002902,-0.014968,-0.015598,-0.01553,-0.010365,-0.010026,-0.0064272
0.069475,0.080931,0.065766,0.067737,0.05268,0.056176,0.041342
0.11044,0.11315,0.10202,0.11275,0.099201,0.093117,0.082517
0.11744,0.11715,0.10301,0.10141,0.089914,0.085651,0.07361
0.1126,0.1192,0.11944,0.13531,0.1076,0.10281,0.087965
0.10794,0.11275,0.097821,0.099599,0.094267,0.09722,0.0834
0.12552,0.12085,0.10366,0.10986,0.10416,0.10281,0.093767
0.12222,0.11305,0.10032,0.10063,0.10074,0.094294,0.08615
0.027842,0.040074,0.025085,0.027169,0.036087,0.026356,0.026295
0.018686,0.027108,0.016129,0.012629,0.023427,0.014861,0.011891
-0.04788,-0.050091,-0.04186,-0.039858,-0.036303,-0.04379,-0.019863
-0.058729,-0.058753,-0.056837,-0.057789,-0.045542,-0.055511,-0.039983
-0.028991,-0.017341,-0.016085,-0.016284,-0.016555,-0.016208,0.0016073
0.005478,0.0087597,0.0031294,-0.0014462,0.00015344,0.0043604,0.01915
-0.010757,-0.012718,0.00030077,-5.7332e-05,0.0059551,-0.0018822,0.010341
-0.018273,-0.014782,-0.010605,-0.015606,-0.013617,-0.011908,-0.0070486
-0.01084,-0.0073708,-0.0033498,-0.010892,-0.002658,-0.012746,0.0010035
-0.014927,-0.01301,-0.018777,-0.010474,-0.014701,-0.011192,-0.015523
-0.0085297,-0.0038812,-0.0045927,0.0023918,-0.00031312,0.00046365,0.0050307
-0.0055469,-0.0044532,-0.003842,-0.012606,-0.0033208,-0.0058431,-0.005638
-0.0038502,-0.0049055,-0.0065646,-0.013552,-0.00801,-0.0049664,-0.0072212
-0.022396,-0.019486,-0.027009,-0.03327,-0.019124,-0.022445,-0.023085
0.13884,0.13044,0.12671,0.13281,0.1227,0.11191,0.10205
-0.064651,-0.063369,-0.062095,-0.065821,-0.049345,-0.049903,-0.040089
-0.010542,-0.014018,-0.0036673,-0.010582,-0.013689,-0.02373,-0.01828
-0.034957,-0.037815,-0.02636,-0.033024,-0.030411,-0.033,-0.025614
-0.028733,-0.0070963,-0.020693,-0.019401,-0.012333,-0.02179,-0.013253
-0.026818,-0.0033056,-0.016887,-0.018722,-0.02358,-0.014106,-0.019298
-0.033225,-0.026785,-0.029076,-0.039834,-0.0356,-0.039127,-0.035654
-0.0216,-0.01957,-0.016149,-0.030067,-0.013695,-0.028302,-0.011912
-0.021146,-0.024222,-0.019232,-0.022684,-0.019476,-0.024391,-0.018873
-0.03118,-0.037294,-0.0395,-0.039978,-0.03587,-0.038132,-0.031903
-0.030863,-0.035421,-0.039997,-0.03796,-0.035829,-0.032311,-0.032155
-0.027204,-0.015005,-0.018884,-0.019207,-0.011975,-0.018134,-0.010036
-0.019673,-0.016639,-0.017058,-0.014473,-0.018563,-0.014806,-0.020816
-0.062191,-0.053786,-0.059113,-0.059081,-0.05727,-0.056173,-0.050071
-0.0031128,-0.0047518,0.0027005,0.0051418,0.0017973,0.0090718,0.0093634
-0.0048833,-0.006354,0.00057365,0.0081271,-0.0014697,0.0097127,0.0065667
0.029201,0.026343,0.030913,0.028962,0.026635,0.035312,0.032987
-0.001175,-0.0031849,0.0076508,-0.0087627,0.0042808,-0.0065696,-0.0064062
-0.0061431,-0.0074975,0.0038757,-0.011276,-0.0066605,-0.022089,-0.0078765
0.00029294,-0.0082462,-0.00086164,-0.013537,-0.0031932,-0.021504,-0.0076502
-0.023662,-0.027514,-0.015053,-0.022318,-0.017332,-0.03193,-0.01678
-0.017361,-0.02348,-0.0064279,-0.020132,-0.011165,-0.031669,-0.019402
0.007772,0.0074249,0.0066158,0.0019209,0.0035371,0.0014938,0.0098447
-0.0017961,-0.0075,0.0065109,-0.0077726,-0.0029201,0.00049087,-0.00022526
-0.0043189,-0.0065229,0.0026425,-0.0079315,-0.00037665,0.00051412,0.0044526
-0.07103,-0.069911,-0.065116,-0.075049,-0.067326,-0.066819,-0.062773
0.039508,0.033705,0.041042,0.049399,0.038238,0.04263,0.037701
-0.013878,-0.0098322,-0.0028439,-0.0068688,-0.0057163,-0.011195,-0.0035903
-0.010028,-0.0098974,0.0024048,-0.0065448,0.0038389,-0.0090649,-0.0037092
-0.058781,-0.059899,-0.064384,-0.066171,-0.055608,-0.046447,-0.049279
-0.014936,-0.016134,-0.019158,-0.0087176,-0.015388,-0.0086254,-0.0085255
-0.027877,-0.021597,-0.013741,-0.013721,-0.0045696,-0.018016,-0.011995
-0.021358,-0.022419,-0.025867,-0.033757,-0.020884,-0.017777,-0.017605
-0.031395,-0.035077,-0.032319,-0.035714,-0.035661,-0.022183,-0.029281
0.12203,0.11972,0.11702,0.12584,0.11689,0.10455,0.095515
-0.042756,-0.041047,-0.041025,-0.043923,-0.032933,-0.044332,-0.0242
0.0010155,-0.0072618,-0.0019628,-0.0056073,-0.0031724,-0.0010184,0.00033646
-0.0041797,-0.0031013,-0.00078629,0.0013608,-0.0018056,0.00060751,0.0074988
-0.029564,-0.027474,-0.026265,-0.028563,-0.027164,-0.016793,-0.017934
-0.012212,-0.017038,-0.018368,-0.017462,-0.014942,-0.011637,-0.0157
-0.02232,-0.019802,-0.008335,-0.016642,-0.013747,-0.016719,-0.01134
-0.00011797,-0.0049499,-0.0019566,-0.0084255,-0.0066527,0.002431,0.0055903
-0.033939,-0.03932,-0.039002,-0.048382,-0.032461,-0.043458,-0.024359
0.015974,0.022049,0.013637,0.0212,0.014846,0.011692,0.024688
-0.073555,-0.070735,-0.068833,-0.075736,-0.058704,-0.064776,-0.050495
0.12241,0.11291,0.11436,0.12573,0.10766,0.097488,0.088651
-0.034307,-0.030429,-0.030993,-0.038431,-0.033414,-0.030016,-0.023578
-0.075364,-0.072947,-0.072738,-0.076541,-0.068281,-0.061307,-0.05994
-0.014147,-0.013054,-0.008501,-0.0077287,-0.0067822,-0.0027787,-0.01054
0.097465,0.10212,0.089325,0.097454,0.096178,0.092461,0.07772
0.013138,0.0046727,0.0084111,0.0056997,0.018051,0.018792,0.0078414
0.13328,0.12774,0.12044,0.13371,0.11581,0.10583,0.08836
-0.0042429,-0.0036176,-0.006308,-0.0056545,-0.0027147,0.005131,0.0059271
-0.0085355,-0.0046401,-0.0069587,-0.010334,-0.0031184,-0.0016086,0.0048996
-0.011535,-0.010398,-0.014183,-0.011857,-0.011399,-0.0057972,-0.008652
-0.00057909,-0.0016557,-0.0025168,0.0024383,-0.0036829,0.0095013,0.0074294
0.048393,0.053794,0.040752,0.050472,0.054416,0.039903,0.036966
-0.0063786,-0.0015794,-0.005145,-0.0010953,-0.01017,0.0035807,0.0074796
-0.0059533,-0.0072985,0.0029131,-0.0088332,0.00018824,-0.00856,-0.0040947
0.028349,0.022434,0.017546,0.014852,0.026329,0.019175,0.013718
-0.011183,-0.015717,-0.01522,-0.019634,-0.015349,-0.013056,-0.0124
0.00094576,0.0050066,0.0023177,0.0060037,0.0033788,0.0014721,0.00024376
0.016547,0.019091,0.027774,0.018204,0.032735,0.022674,0.023019
-0.01847,-0.017348,-0.015264,-0.010818,-0.017525,-0.0050405,-0.019218
-0.055405,-0.052829,-0.057162,-0.060441,-0.059447,-0.048984,-0.046081
-0.0072152,-0.0098047,-0.0081852,-0.006915,-0.0083685,-0.0015482,-0.0051354
-0.0091249,-0.010058,-0.0094503,-0.0053415,0.0012376,-0.0010966,-0.00071853
-0.051575,-0.045946,-0.048267,-0.057773,-0.044916,-0.040876,-0.042053
-0.032591,-0.026747,-0.029889,-0.032905,-0.032807,-0.030561,-0.024876
0.0076732,0.016386,0.013324,0.0097534,0.016439,0.0067081,0.0075163
-0.0060234,-0.0077419,-0.0060903,-0.00031748,0.0043839,0.0031258,0.0036728
-0.0014347,-0.012729,-0.00517,-0.0084371,0.0056599,-0.0045009,-0.0011997
-0.030684,-0.026422,-0.029117,-0.033938,-0.020016,-0.024055,-0.023727
-0.013153,-0.0088537,-0.012071,-0.01726,-0.015534,0.0012883,-0.0077793
0.012013,0.010519,0.010935,0.0091182,0.0096388,0.014858,0.011474
-0.034207,-0.027617,-0.035328,-0.035272,-0.03023,-0.034798,-0.031094
-0.017786,-0.028425,-0.018628,-0.029003,-0.017442,-0.005133,-0.0091336
-0.073862,-0.070175,-0.072528,-0.07675,-0.072089,-0.062427,-0.059518
0.0031919,0.010912,-0.0085716,0.0019193,-0.011167,0.0085802,0.0034358
-0.019513,-0.01854,-0.02005,-0.020792,-0.0141,-0.017042,-0.02138
-0.061347,-0.051746,-0.052693,-0.060428,-0.05161,-0.034508,-0.047278
-0.01385,-0.0052195,-0.013744,-0.014354,-0.014043,-0.0035197,-0.0080117
-0.0035328,-0.0025413,-0.0027872,0.001953,-0.0040127,-0.0019632,0.0047122
-0.014395,-0.0095858,-0.013833,-0.014191,-0.0084078,-0.012264,-0.010848
-0.028767,-0.030824,-0.03486,-0.040144,-0.035212,-0.036364,-0.03666
-0.025972,-0.030917,-0.032141,-0.039541,-0.029616,-0.033049,-0.031194
-0.035551,-0.035097,-0.034961,-0.039973,-0.034898,-0.037933,-0.031408
-0.026932,-0.025757,-0.027575,-0.026556,-0.029786,-0.026621,-0.024624
-0.011552,-0.019596,-0.017393,-0.017963,-0.0033964,-0.0028442,-0.0066313
-0.071464,-0.068206,-0.064286,-0.071017,-0.061919,-0.062975,-0.05427
-0.015348,-0.017215,-0.013378,-0.019912,-0.0098389,-0.007623,-0.0083298
-0.053144,-0.05122,-0.04293,-0.049423,-0.046408,-0.046312,-0.031268
-0.021504,-0.021461,-0.011176,-0.019308,-0.019868,-0.01943,-0.010301
-0.035409,-0.032559,-0.034702,-0.042956,-0.032138,-0.032194,-0.025737
-0.031548,-0.030151,-0.025175,-0.028325,-0.025343,-0.021848,-0.021589
-0.031377,-0.039534,-0.032279,-0.037022,-0.028452,-0.029594,-0.028776
-0.058819,-0.058973,-0.056965,-0.061902,-0.05327,-0.049309,-0.040374
-0.056384,-0.048684,-0.04442,-0.051782,-0.047246,-0.043024,-0.031061
0.040549,0.03431,0.041984,0.042763,0.050012,0.04252,0.033258
-0.050265,-0.056794,-0.051622,-0.05868,-0.048401,-0.038686,-0.038583
-0.027133,-0.027206,-0.023666,-0.032643,-0.027977,-0.019071,-0.024781
-0.038247,-0.033889,-0.035577,-0.042561,-0.036054,-0.02349,-0.027171
0.082184,0.09084,0.076118,0.066654,0.07577,0.059426,0.060764
-0.02223,-0.014327,-0.022923,-0.02333,-0.03185,-0.012041,-0.012714
-0.03206,-0.023831,-0.025481,-0.027734,-0.019519,-0.013509,-0.022665
-0.013481,-0.012585,-0.017325,-0.015075,-0.014226,-0.0084921,-0.011803
-0.018643,-0.011162,-0.016716,-0.011476,-0.014482,-0.0099367,-0.015068
-0.017568,-0.0131,-0.013479,-0.014519,-0.0081464,-0.0078923,-0.01221
-0.019427,-0.020586,-0.019419,-0.019696,-0.023717,-0.013526,-0.011871
-0.028263,-0.026842,-0.023252,-0.025936,-0.027991,-0.020242,-0.015132
-0.030094,-0.034751,-0.033937,-0.035539,-0.038113,-0.025555,-0.0276
0.12244,0.12663,0.11535,0.1225,0.10679,0.096415,0.085991
0.083909,0.084861,0.070397,0.064654,0.062964,0.059592,0.050737
0.10025,0.11186,0.093654,0.099008,0.089568,0.072763,0.060686
-0.010147,-0.014847,-0.016678,-0.01777,-0.01206,-0.01353,-0.013873
0.10723,0.10417,0.084204,0.082711,0.082402,0.082237,0.076598
0.080799,0.096711,0.063911,0.059461,0.057609,0.055335,0.044944
0.08007,0.085442,0.097728,0.075883,0.077111,0.072111,0.069522
-0.0049656,0.0017616,-0.0071216,0.00058704,-0.0039019,0.00050834,0.0027405
-0.015298,-0.01757,-0.014735,-0.018776,-0.0071675,-0.0076956,-0.0099884
0.096132,0.094719,0.085117,0.069023,0.076238,0.067621,0.063706
0.097171,0.092767,0.094223,0.078214,0.091065,0.076777,0.069345
-0.0038831,-0.010448,-0.0087961,-0.0068557,-0.0038993,-0.004253,-0.0036893
-0.0055096,-0.0035047,-0.0031219,0.0071789,0.00016822,0.0064744,-0.0015362
-0.003279,0.00042257,-0.0068427,0.0085885,0.00060189,0.005235,0.0022344
0.00042267,0.00052275,0.0023076,0.011917,0.0013144,0.011394,-4.2825e-05
-0.024585,-0.020401,-0.019592,-0.026114,-0.012992,-0.014035,-0.0109
-0.023852,-0.019147,-0.020174,-0.023375,-0.013416,-0.014541,-0.017003
0.0023547,-0.0010609,0.0029973,0.0068398,0.0031438,0.014373,0.0032714
-0.01583,-0.012737,-0.0097619,-0.013603,-0.0079691,-0.007925,-0.0014612
-0.0058983,-0.0026686,-0.0047304,0.0036212,-0.0015108,0.0031479,0.0020047
-0.0074173,-0.0077624,-0.0054053,-0.0019983,0.00060554,-0.0019653,-7.8819e-05
-0.014366,-0.0085697,-0.010859,-0.0056024,-0.0031744,-0.0068778,-0.0054644
-0.0087629,-0.011685,-0.0070297,-0.006128,-0.00082108,-0.0056631,-0.0041827
-0.025131,-0.020662,-0.02365,-0.023684,-0.020545,-0.015514,-0.019281
-0.018614,-0.017153,-0.021916,-0.021546,-0.015471,-0.0081666,-0.015985
-0.011393,-0.010786,-0.0081474,-0.0063567,-0.0065208,-0.0022155,-0.010988
-0.007697,-0.011357,-0.011075,-0.012215,-0.01067,-0.0068079,-0.014537
-0.019898,-0.020963,-0.024223,-0.022449,-0.017454,-0.012702,-0.017903
-0.032347,-0.029125,-0.030259,-0.034807,-0.026927,-0.021641,-0.024706
-0.015095,-0.014385,-0.012805,-0.0070306,-0.010387,-0.004053,-0.011322
-0.016394,-0.01522,-0.013232,-0.0087321,-0.009071,-0.0035203,-0.012597
-0.016608,-0.016374,-0.017133,-0.020219,-0.012622,-0.0056417,-0.0057375
-0.013845,-0.01391,-0.0094042,-0.0076698,-0.0048752,-0.0079283,-0.0089397
-0.034503,-0.041551,-0.038299,-0.034212,-0.036935,-0.037922,-0.034547
-0.030789,-0.026592,-0.018309,-0.018361,-0.024172,-0.028098,-0.018777
-0.045715,-0.050481,-0.040788,-0.039841,-0.054725,-0.049342,-0.041841
-0.035602,-0.027984,-0.020102,-0.017845,-0.019258,-0.03165,-0.015722
-0.041336,-0.047977,-0.043275,-0.046703,-0.037708,-0.04296,-0.039935
-0.038512,-0.048497,-0.04336,-0.038135,-0.041952,-0.041684,-0.037504
-0.037913,-0.031971,-0.031273,-0.030443,-0.028052,-0.035282,-0.013997
-0.025671,-0.04156,-0.02365,-0.026858,-0.033416,-0.042189,-0.02565
-0.047198,-0.041182,-0.048445,-0.050905,-0.047039,-0.052232,-0.051972
-0.037522,-0.035949,-0.032158,-0.034682,-0.045292,-0.033663,-0.022376
-0.030545,-0.025537,-0.01796,-0.026979,-0.020671,-0.018293,-0.023795
-0.017579,-0.012957,-0.0042225,-0.0068717,-0.0086863,-0.012335,-0.0039329
-0.02372,-0.022732,-0.0036972,-0.011261,-0.01492,-0.022336,-0.004129
-0.029671,-0.039299,-0.019373,-0.024758,-0.028079,-0.029436,-0.022231
-0.03679,-0.044839,-0.039399,-0.042235,-0.034592,-0.041906,-0.042494
-0.01886,-0.021317,-0.0060994,-0.0062008,-0.014513,-0.017996,-0.0092429
-0.033034,-0.026406,-0.021324,-0.017037,-0.01546,-0.019954,-0.013951
-0.022547,-0.047718,-0.029341,-0.034272,-0.050447,-0.039837,-0.031815
-0.028757,-0.036541,-0.029214,-0.03106,-0.035105,-0.031031,-0.022251
-0.020736,-0.022052,-0.0095617,-0.011497,-0.016139,-0.015084,-0.0057298
-0.063193,-0.0624,-0.059926,-0.064886,-0.055355,-0.056798,-0.051994
-0.022155,-0.034294,-0.018312,-0.029476,-0.039825,-0.036289,-0.020067
-0.033854,-0.021814,-0.018371,-0.017838,-0.016785,-0.022213,-0.015076
-0.012209,-0.0084314,-0.015119,-0.015398,-0.0017784,-0.017165,-0.013609
0.001564,0.0033901,0.0011383,-7.5902e-05,-0.00156,0.0054074,-0.0029504
-0.021426,-0.015521,-0.017904,-0.01804,-0.010388,-0.013289,-0.013848
-0.026806,-0.020947,-0.017673,-0.024696,-0.011877,-0.023071,-0.023016
-0.012414,-0.0038349,-0.00048802,-0.0018181,-0.0028683,-0.0031653,-0.0069758
-0.048612,-0.044108,-0.032155,-0.030442,-0.03722,-0.038898,-0.02584
-0.016174,-0.014002,-0.012241,-0.01431,-0.012513,-0.0084404,-0.0094142
-0.052249,-0.045003,-0.034475,-0.034134,-0.040336,-0.041126,-0.024112
-0.017927,-0.019371,-0.026505,-0.027261,-0.026808,-0.026625,-0.025882
-0.014015,-0.018291,-0.016782,-0.021353,-0.011226,-0.019287,-0.020569
-0.0060546,-0.01063,-0.011213,-0.0079217,-0.010048,-0.0092836,-0.010912
-0.018789,-0.014462,-0.016278,-0.021838,-0.013373,-0.017754,-0.016358
-0.01655,-0.022651,-0.019211,-0.017968,-0.021303,-0.020614,-0.023329
-0.014685,-0.013734,-0.017053,-0.019525,-0.01917,-0.01517,-0.020115
-0.0082142,-0.0020833,-0.0044792,0.002055,-0.0072606,0.00064057,-0.011126
-0.012094,-0.0033369,-0.0054736,0.0052564,-0.00072535,-0.0079457,-0.0058405
-0.018424,-0.016786,-0.012865,-0.018196,-0.020953,-0.014845,-0.015627
-0.015395,-0.0080288,-0.012249,-0.012347,-0.015252,-0.010157,-0.017605
-0.037298,-0.033214,-0.037893,-0.04205,-0.036481,-0.036926,-0.037896
-0.01781,-0.014,-0.017727,-0.017762,-0.010604,-0.016294,-0.015602
-0.027167,-0.012838,-0.017442,-0.014599,-0.014014,-0.015799,-0.014823
-0.024808,-0.024165,-0.026269,-0.028288,-0.037478,-0.027184,-0.018551
-0.0014789,0.001882,0.0035585,0.0016352,0.0048664,0.0017415,-0.0023144
-0.018651,-0.016143,-0.01687,-0.01847,-0.015639,-0.015917,-0.020014
-0.013283,-0.0077624,-0.010152,-0.0078135,-0.013061,-0.004947,-0.013345
-0.017935,-0.016287,-0.014289,-0.015369,-0.017298,-0.0084658,-0.01793
-0.017996,-0.026574,-0.022854,-0.019584,-0.024122,-0.026458,-0.026297
-0.013522,-0.0076489,-0.0066599,-0.013373,-0.0034377,-0.0083711,-0.013008
-0.019102,-0.0066307,-0.0086168,-0.010295,-0.01067,-0.0098722,-0.012819
-0.047878,-0.041998,-0.045671,-0.050836,-0.046264,-0.051487,-0.045874
-0.03289,-0.028979,-0.038622,-0.036717,-0.039381,-0.040151,-0.041577
-0.022815,-0.013534,-0.021728,-0.023809,-0.017918,-0.015301,-0.023008
-0.023616,-0.016281,-0.017383,-0.019757,-0.01957,-0.0027274,-0.020172
-0.021032,-0.01579,-0.01933,-0.019973,-0.022661,-0.022152,-0.027086
-0.015973,-0.02064,-0.018818,-0.020619,-0.01586,-0.016792,-0.0134
-0.012474,-0.014335,-0.016296,-0.020588,-0.020009,-0.019774,-0.023423
-0.01384,-0.01533,-0.01435,-0.015635,-0.022254,-0.017453,-0.012565
-0.016097,-0.016665,-0.015657,-0.0096837,-0.014726,-0.014593,-0.015666
-0.062994,-0.058512,-0.064402,-0.069509,-0.064024,-0.062276,-0.058138
-0.032802,-0.031448,-0.034826,-0.036081,-0.037284,-0.031647,-0.034307
-0.074599,-0.068811,-0.071204,-0.073857,-0.071241,-0.067084,-0.062243
-0.032987,-0.027172,-0.0372,-0.039395,-0.044762,-0.029823,-0.034891
-0.043308,-0.040728,-0.04817,-0.049277,-0.047253,-0.040504,-0.037564
-0.030565,-0.028184,-0.033268,-0.032766,-0.035572,-0.029962,-0.032507
-0.035776,-0.033178,-0.036117,-0.041618,-0.044219,-0.039116,-0.035796
-0.038778,-0.032383,-0.037357,-0.046698,-0.04599,-0.043471,-0.039435
-0.060733,-0.050658,-0.060442,-0.061232,-0.057045,-0.054817,-0.050643
-0.048557,-0.047096,-0.051529,-0.056392,-0.052035,-0.049323,-0.040684
-0.022794,-0.019317,-0.024343,-0.021027,-0.026555,-0.014676,-0.016324
-0.010388,-0.010421,-0.010209,-0.0088527,-0.011368,-1.6343e-05,-0.0099767
-0.019858,-0.022015,-0.025896,-0.021164,-0.020666,-0.013854,-0.017099
-0.078023,-0.071508,-0.074111,-0.075651,-0.073156,-0.070363,-0.067022
-0.07933,-0.07408,-0.072228,-0.074685,-0.072685,-0.064123,-0.056996
-0.051414,-0.05261,-0.046042,-0.048675,-0.026089,-0.03778,-0.029593
-0.058548,-0.054847,-0.052378,-0.048868,-0.047579,-0.045213,-0.041404
-0.057804,-0.053054,-0.050324,-0.053219,-0.030767,-0.042723,-0.034543
-0.058879,-0.057982,-0.051993,-0.064546,-0.063407,-0.053155,-0.050513
-0.073416,-0.074542,-0.067731,-0.07546,-0.072142,-0.062415,-0.060892
-0.032053,-0.030894,-0.031844,-0.034907,-0.03652,-0.025785,-0.03621
-0.053683,-0.043602,-0.045895,-0.050691,-0.046851,-0.040641,-0.049351
-0.042818,-0.054959,-0.036502,-0.043024,-0.039194,-0.039364,-0.028148
-0.070436,-0.072867,-0.05752,-0.067364,-0.061886,-0.059439,-0.050714
-0.011515,-0.01112,-0.010275,-0.013701,-0.013585,-0.018581,-0.0068355
-0.023697,-0.024542,-0.024741,-0.026238,-0.021563,-0.019282,-0.023587
-0.024073,-0.018426,-0.016526,-0.017063,-0.017111,-0.018338,-0.015893
-0.020442,-0.01809,-0.014725,-0.015036,-0.016992,-0.012522,-0.013728
-0.00125,0.00076317,0.0062127,0.010774,0.0093369,0.014214,0.0047049
-0.0031913,-3.7029e-06,0.0043672,0.010074,0.0080503,0.013582,0.0016701
-0.0036422,-0.0028031,-0.0013262,0.0059023,0.0056496,0.010342,0.0068569
-0.0082015,-0.0088155,-0.0083647,-0.012617,-0.011482,-0.013323,-0.0013526
-0.0089153,-0.00047156,-0.00056479,0.0056777,0.0010449,0.010963,-0.00030105
-0.0049724,-0.0015373,0.0018424,0.0065259,0.0016288,0.012295,0.0006915
-0.031468,-0.032995,-0.036413,-0.041654,-0.037344,-0.031491,-0.033896
-0.071191,-0.063519,-0.067433,-0.073528,-0.066606,-0.066118,-0.060417
-0.059032,-0.056692,-0.049077,-0.055855,-0.038288,-0.040977,-0.033117
-0.047928,-0.051338,-0.045563,-0.051884,-0.04511,-0.036159,-0.028464
-0.024039,-0.02199,-0.026802,-0.028175,-0.025332,-0.017789,-0.022618
-0.060275,-0.056608,-0.049978,-0.052938,-0.038959,-0.048852,-0.033657
-0.066276,-0.070535,-0.065391,-0.070499,-0.063715,-0.05771,-0.040691
-0.053312,-0.044268,-0.054342,-0.05722,-0.053526,-0.047792,-0.048225
-0.065585,-0.059354,-0.064449,-0.066924,-0.06345,-0.056856,-0.048773
-0.069357,-0.07026,-0.065557,-0.070833,-0.062144,-0.058892,-0.040492
-0.071813,-0.072411,-0.068963,-0.072266,-0.069158,-0.059805,-0.047831
-0.0066272,-0.0034886,-0.0046713,-0.0061303,0.00098965,0.0053603,-0.00092301
-0.0076233,-0.013111,-0.0064667,-0.01407,-0.0077694,-0.005465,-0.0072007
-0.0098576,-0.0082035,-0.0068226,-0.0091632,-0.0052477,-0.0024776,-0.0014
-0.051767,-0.049844,-0.048665,-0.044814,-0.045813,-0.052081,-0.037796
-0.0085251,-0.0087692,-0.010975,-0.0072631,-0.0050103,-0.0054683,-0.0062683
-0.03737,-0.041865,-0.040812,-0.034464,-0.027642,-0.039503,-0.016295
0.0078045,-0.00054235,-0.0023925,-0.0037408,0.0020797,0.0046356,0.0053872
-0.041718,-0.054323,-0.033936,-0.041013,-0.042502,-0.036453,-0.02401
-0.0535,-0.054749,-0.058631,-0.049698,-0.050108,-0.05505,-0.041261
-0.063951,-0.06696,-0.055511,-0.064732,-0.059112,-0.052797,-0.042859
-0.031095,-0.036723,-0.039109,-0.049283,-0.039612,-0.033256,-0.033553
-0.017428,-0.011854,-0.01934,-0.02492,-0.012704,-0.016053,-0.021626
0.0045337,0.0006358,0.0049288,-0.0010611,0.0048696,0.0067991,0.0062345
0.0046891,0.0029225,0.0053409,0.0027197,0.0056604,0.0081869,0.011201
0.012868,0.010832,0.011881,0.012362,0.013608,0.015918,0.012197
-0.0034717,-0.0016846,-0.0033447,-0.01181,0.0027624,0.0025696,0.002079
0.062112,0.05845,0.064912,0.074769,0.073546,0.06094,0.044853
0.037127,0.03061,0.044958,0.041705,0.045911,0.03008,0.028176
0.0041799,0.0038038,0.0090846,-0.0029677,0.010172,0.0032757,0.0052841
0.0064451,0.0049871,0.010652,0.0011592,0.0035809,0.01357,0.0067677
0.0094978,0.010142,0.013005,0.0047828,0.015153,0.018015,0.013317
0.03205,0.033634,0.044583,0.032741,0.044069,0.032496,0.031498
0.020416,0.016317,0.033322,0.038498,0.034467,0.029399,0.018231
0.11665,0.11612,0.11835,0.12671,0.11277,0.10388,0.093581
0.057965,0.057907,0.055361,0.061091,0.049229,0.052578,0.038822
0.12844,0.12061,0.12211,0.13351,0.11252,0.10594,0.099795
0.12888,0.10838,0.11007,0.1212,0.10329,0.095232,0.084997
0.12811,0.12142,0.12155,0.13237,0.11085,0.10765,0.09266
0.12666,0.11267,0.11631,0.1279,0.10285,0.10162,0.095115
0.1281,0.12861,0.12866,0.13602,0.11461,0.1116,0.092657
0.10018,0.099249,0.10364,0.10682,0.095121,0.09617,0.07911
0.12753,0.12189,0.12434,0.13462,0.11402,0.10852,0.10275
0.12667,0.13222,0.12357,0.13263,0.11543,0.10084,0.091693
0.092215,0.099408,0.094168,0.096129,0.08369,0.077871,0.053619
0.060534,0.067607,0.070892,0.066859,0.068819,0.060252,0.046695
0.13315,0.13098,0.12707,0.14017,0.12236,0.11117,0.1048
0.13963,0.12768,0.1158,0.12941,0.1162,0.10248,0.097668
0.052266,0.050042,0.028788,0.04838,0.042145,0.040567,0.042728
0.12558,0.11616,0.10375,0.11905,0.10923,0.091006,0.087121
0.14308,0.13394,0.12122,0.13439,0.11902,0.11119,0.1073
0.1164,0.10497,0.10623,0.11882,0.10441,0.092406,0.08552
0.1256,0.11793,0.10824,0.12042,0.11055,0.097311,0.093716
0.10823,0.10033,0.10263,0.1151,0.10303,0.095397,0.08426
0.14034,0.13255,0.12007,0.13585,0.1186,0.10384,0.10175
0.10618,0.097584,0.094494,0.10859,0.097164,0.092122,0.08516
0.14334,0.139,0.12813,0.14152,0.12448,0.11211,0.11124
0.13021,0.11897,0.1066,0.12279,0.1039,0.085205,0.085302
0.13055,0.13458,0.11867,0.12743,0.11814,0.10646,0.099088
0.13646,0.12555,0.12527,0.13604,0.1141,0.10743,0.095825
0.13417,0.12998,0.11708,0.12998,0.11302,0.09935,0.088103
0.14523,0.13502,0.13034,0.13866,0.11532,0.11059,0.098105
0.12055,0.11746,0.11022,0.12018,0.11194,0.094675,0.074085
0.1225,0.11305,0.10976,0.12358,0.10467,0.097633,0.090016
0.13444,0.13465,0.12123,0.13711,0.11357,0.10732,0.093731
0.1296,0.13298,0.12666,0.13242,0.11266,0.10192,0.09073
0.10877,0.10597,0.10777,0.11873,0.10745,0.087665,0.075361
0.11609,0.10195,0.092506,0.10947,0.097813,0.089698,0.078954
0.055181,0.057247,0.048928,0.058176,0.062932,0.057265,0.051899
0.1045,0.090139,0.081596,0.092639,0.085213,0.07646,0.069923
0.12422,0.12146,0.10158,0.10961,0.10837,0.096092,0.092518
0.086867,0.083392,0.07627,0.08818,0.090834,0.083088,0.072321
0.1405,0.13379,0.12006,0.13176,0.12015,0.10868,0.1031
0.13768,0.12492,0.11538,0.11847,0.11745,0.10305,0.099021
0.11665,0.10472,0.096228,0.097757,0.10365,0.083005,0.07747
0.11725,0.11221,0.10093,0.10559,0.11292,0.087993,0.088932
0.12241,0.10813,0.098166,0.10644,0.10407,0.087047,0.081979
0.019109,0.016297,0.014807,0.020293,0.024625,0.024502,0.030462
0.091697,0.097258,0.091928,0.10261,0.099618,0.087905,0.075736
0.025437,0.029963,0.026057,0.023233,0.03596,0.031461,0.02954
0.073109,0.084009,0.078838,0.062414,0.069345,0.068941,0.057089
0.035399,0.038725,0.035262,0.052976,0.045171,0.039727,0.043334
0.087826,0.08905,0.08343,0.079736,0.084236,0.074961,0.071431
0.0011014,3.1283e-05,-0.014181,-0.015353,-0.0060838,-0.0029781,-0.013831
0.067284,0.063958,0.05576,0.068741,0.061121,0.058159,0.054104
0.0095605,0.0039972,0.0069972,0.007176,0.0119,0.011617,0.0085599
0.053465,0.060206,0.060909,0.075432,0.063777,0.057994,0.055619
0.032199,0.022173,0.034945,0.035769,0.027397,0.038384,0.030721
0.046849,0.044715,0.035363,0.034522,0.044073,0.045507,0.035712
0.024343,0.040974,0.027268,0.034457,0.030747,0.037107,0.020004
0.036497,0.042187,0.04239,0.037334,0.03235,0.039626,0.022809
0.077562,0.079536,0.079444,0.069941,0.066666,0.069257,0.052388
0.063435,0.084716,0.07925,0.082661,0.081798,0.062184,0.044963
0.041855,0.043371,0.053807,0.055801,0.053718,0.038614,0.032584
0.085436,0.083642,0.077344,0.09433,0.086815,0.068802,0.055196
0.12562,0.12797,0.11257,0.12463,0.10627,0.10096,0.086283
0.0014114,-0.0036861,0.00014766,0.0018744,-0.0069128,0.0033566,-0.0089775
0.014711,0.022835,0.013786,0.011886,0.020431,0.013761,0.015741
0.12373,0.12304,0.10667,0.11643,0.11002,0.091067,0.079094
0.097356,0.1067,0.10295,0.095019,0.09267,0.072796,0.068233
0.0043552,-0.0058139,-0.004336,-0.0045147,-0.0031979,0.0070793,0.000193
0.11439,0.1122,0.10067,0.11152,0.10341,0.084307,0.068807
0.058085,0.064407,0.070589,0.056179,0.065445,0.052225,0.044577
-0.027001,-0.033661,-0.02629,-0.028984,-0.022512,-0.032688,-0.016823
-0.046495,-0.035647,-0.028715,-0.029636,-0.029198,-0.034642,-0.030678
-0.037964,-0.050314,-0.028994,-0.041458,-0.035667,-0.048263,-0.025544
-0.019535,-0.011416,-0.010766,-0.0084119,-0.0057313,-0.016707,-0.0097358
-0.015884,-0.021098,-0.0064256,-0.008836,-0.0063825,-0.019899,-0.0090358
-0.024285,-0.028422,-0.017045,-0.022741,-0.027423,-0.027958,-0.017799
-0.013032,-0.0092228,-0.0094644,-0.0099184,-0.0055786,-0.01368,-0.0020175
-0.026543,-0.027482,-0.01673,-0.018368,-0.022987,-0.024197,-0.01321
-0.026787,-0.035354,-0.017268,-0.024446,-0.033232,-0.035706,-0.02335
-0.016172,-0.023263,-0.0084584,-0.019559,-0.011073,-0.021598,-0.0056334
-0.062938,-0.063109,-0.055777,-0.062536,-0.054706,-0.049626,-0.041654
-0.026558,-0.035086,-0.028503,-0.028518,-0.025007,-0.037921,-0.017934
-0.020965,-0.010243,-0.011962,-0.020523,-0.016508,-0.026389,-0.01465
-0.017705,-0.0023531,-0.0087975,-0.0062361,-0.0062663,-0.011708,-0.0030514
-0.025862,-0.017999,-0.01911,-0.018918,-0.012379,-0.021364,-0.020183
0.015613,0.022219,0.007482,0.023285,0.016584,0.020205,0.021413
-0.017475,-0.0075496,-0.0061338,-0.0077866,-0.01162,-0.002301,-0.01101
0.0012611,0.011693,0.0014604,0.010316,0.0025778,0.010084,0.0034852
0.022173,0.045877,0.015815,0.033419,0.022164,0.024047,0.021551
-0.027784,-0.035096,-0.024431,-0.030611,-0.029739,-0.036818,-0.027871
0.034479,0.047034,0.030632,0.04434,0.037395,0.028684,0.018759
0.0046586,0.0087669,0.00020885,0.016688,-0.0050376,0.0089477,0.0064379
0.048933,0.050553,0.035111,0.040966,0.045702,0.034556,0.022803
0.027311,0.032982,0.009775,0.025879,0.022959,0.028537,0.024794
0.079291,0.076729,0.060915,0.083311,0.078063,0.071108,0.063789
-0.04527,-0.033501,-0.029527,-0.031626,-0.028603,-0.035537,-0.023175
-0.013771,-0.0032091,-0.0090083,-0.013491,-0.014099,-0.013329,-0.013342
-0.01682,-0.0032204,-0.0047472,-0.007408,-0.01161,-0.017694,-0.0103
-0.025765,-0.015655,-0.021784,-0.022724,-0.025533,-0.023413,-0.026429
-0.026083,-0.011165,-0.01253,-0.018151,-0.015152,-0.019723,-0.015181
-0.027482,-0.017956,-0.021458,-0.023682,-0.028002,-0.032282,-0.03183
-0.0014605,0.0023205,-0.0015981,0.0022326,0.00028935,0.0090876,-0.002459
-0.036791,-0.023837,-0.031084,-0.030695,-0.034814,-0.033135,-0.033028
0.0076549,0.011645,0.0087405,0.011709,0.0092717,0.014804,0.010619
-0.045122,-0.043341,-0.040586,-0.047055,-0.046884,-0.050201,-0.046605
-0.053706,-0.056398,-0.043031,-0.043764,-0.034229,-0.036876,-0.024907
-0.068341,-0.073129,-0.069243,-0.07821,-0.070479,-0.070146,-0.061462
-0.066685,-0.064586,-0.065605,-0.064148,-0.066332,-0.067005,-0.059652
-0.054641,-0.046593,-0.054358,-0.051488,-0.056281,-0.053783,-0.051553
-0.055931,-0.057438,-0.051469,-0.057254,-0.058997,-0.05304,-0.04488
-0.069545,-0.069686,-0.065517,-0.072,-0.059913,-0.063504,-0.048219
-0.055855,-0.049558,-0.051847,-0.05169,-0.056765,-0.059671,-0.05495
-0.069457,-0.070137,-0.068981,-0.072858,-0.067393,-0.068362,-0.058466
-0.057638,-0.058389,-0.060319,-0.063879,-0.063094,-0.060903,-0.059242
-0.0031157,-0.0036879,-0.0049027,-0.0031934,-0.0028008,-2.2597e-05,-0.0092715
-0.013785,-0.0071283,-0.010076,-0.0069421,-0.0055982,-0.0027704,-0.00479
-0.012248,-0.0067834,-0.0093584,-0.0069225,-0.0069906,-0.0036738,-0.0089746
-0.018072,-0.0096991,-0.017138,-0.013908,-0.012864,-0.010977,-0.013737
0.0052294,0.00064099,0.0054393,0.0038713,0.0080719,0.0081017,0.0058222
0.007285,0.0063895,0.012094,0.015679,0.012838,0.017,0.013712
-0.0080005,-0.0042702,-0.0030859,-0.0010144,-0.00078919,0.0028465,-0.0044479
-0.026727,-0.01869,-0.021799,-0.019931,-0.019756,-0.01191,-0.017245
-0.032622,-0.028251,-0.019276,-0.019605,-0.013189,-0.027634,0.00055459
0.071089,0.0621,0.065905,0.077105,0.068202,0.063424,0.061728
0.0025274,0.0094492,0.0078953,0.0069224,0.011352,0.011187,0.017944
-0.011345,0.00086268,-0.011087,-0.0015386,-0.010933,-0.010393,0.0038916
0.0050348,0.0060016,-0.0032803,0.0037624,0.0043015,0.0085812,0.013463
0.083198,0.06929,0.086929,0.10049,0.080812,0.072765,0.062929
0.0085011,0.0082734,-0.00043191,0.0096682,0.0075889,0.011656,0.012399
-0.028501,-0.021226,-0.010258,-0.0037982,-0.0034756,-0.014878,-0.0047124
0.0055219,0.001665,-0.011626,-0.0035012,0.00082879,-0.0019711,0.0096496
0.0041159,0.003231,0.0080416,0.0013808,0.0019118,0.014169,0.011248
0.063054,0.051091,0.056195,0.070282,0.065104,0.055832,0.048296
0.0078502,0.0053006,0.0050785,0.006817,0.0048321,0.010792,0.0072079
0.033568,0.035397,0.026413,0.028202,0.030786,0.03228,0.027744
0.011757,0.0066785,0.0096453,0.0081124,0.0065358,0.012178,0.013431
0.065202,0.059743,0.061325,0.082564,0.070615,0.063361,0.059876
0.018604,0.017063,0.010518,0.016468,0.011843,0.016856,0.016506
0.03037,0.018733,0.0044375,0.026778,0.017318,0.013029,0.024082
-0.018501,-0.020124,-0.016481,-0.015598,-0.018173,-0.011802,-0.0026558
-0.032786,-0.05163,-0.02701,-0.026463,-0.028149,-0.029772,-0.019731
-0.044495,-0.045863,-0.032848,-0.037727,-0.029652,-0.037246,-0.017909
-0.054514,-0.053683,-0.041208,-0.048082,-0.046688,-0.045471,-0.040265
-0.043248,-0.047432,-0.046607,-0.0495,-0.040303,-0.042972,-0.019721
-0.014101,-0.018294,-0.011035,-0.0097858,-0.015393,-0.015111,-0.0052067
-0.014832,-0.017966,-0.0052378,-0.0028011,-0.0062875,-0.015958,-0.0016047
-0.00010652,-0.0091809,0.0059156,-0.00493,0.0062603,-0.0099455,0.0040023
-0.018581,-0.020559,-0.0062914,-0.006732,0.0012986,-0.01049,0.0065688
-0.016565,-0.020748,-0.0097637,-0.013403,-0.00033543,-0.013398,-0.00011001
-0.06351,-0.061278,-0.056802,-0.065061,-0.049195,-0.044948,-0.035428
-0.057338,-0.059702,-0.059856,-0.06281,-0.049783,-0.047396,-0.040473
-0.05312,-0.053546,-0.046509,-0.052996,-0.039853,-0.035992,-0.031543
-0.027338,-0.023877,-0.025631,-0.036909,-0.033728,-0.031751,-0.027052
-0.057603,-0.061408,-0.05693,-0.056284,-0.051915,-0.048764,-0.035809
-0.061755,-0.064258,-0.065334,-0.069916,-0.058713,-0.05003,-0.042878
-0.059805,-0.056789,-0.060171,-0.071174,-0.062959,-0.052235,-0.050928
-0.045586,-0.042702,-0.033559,-0.040945,-0.03568,-0.029433,-0.024273
-0.045361,-0.04737,-0.039394,-0.05073,-0.031886,-0.019942,-0.023834
-0.072618,-0.067476,-0.071625,-0.074369,-0.069101,-0.066171,-0.061624
-0.056059,-0.055551,-0.053885,-0.062194,-0.052121,-0.041064,-0.032219
-0.050871,-0.057622,-0.057134,-0.059481,-0.047324,-0.040927,-0.033981
-0.045862,-0.034377,-0.040887,-0.045373,-0.049028,-0.042917,-0.040205
-0.038348,-0.038285,-0.04418,-0.044506,-0.042422,-0.038055,-0.029126
-0.020535,-0.020296,-0.021747,-0.02778,-0.018512,-0.017356,-0.017636
0.00060132,-0.0092118,0.0079988,-0.009304,-0.0041997,-0.0039419,-0.013203
-0.060547,-0.0613,-0.057705,-0.064719,-0.060521,-0.051172,-0.044671
-0.05924,-0.062468,-0.057728,-0.064294,-0.059574,-0.05184,-0.043178
-0.061861,-0.048201,-0.061915,-0.060055,-0.060124,-0.058775,-0.055461
-0.0020816,-0.0091047,-0.0060318,-0.010562,-0.011099,-0.0015839,-0.010614
-0.0037431,-0.0099877,0.006535,-0.0039251,-0.00258,0.0091627,-0.001458
-0.0068411,-0.0093791,-0.0033391,-0.006849,-0.013715,-0.0040449,-0.009883
-0.001466,-0.018696,-0.0025118,-0.012397,-0.013829,0.0041278,-0.0066891
-0.0057309,-0.010609,-0.0014547,-0.0048575,-0.0097726,0.0060018,-0.0049985
-0.002402,-0.0014531,0.0014493,0.0051234,3.1878e-05,0.0037982,0.00066352
-0.016888,-0.016206,-0.021437,-0.028439,-0.0148,-0.025309,-0.020109
-0.0045574,-0.016293,-0.011426,-0.010727,-0.017253,-0.007194,-0.0036349
-0.011938,-0.015227,-0.009821,-0.024097,-0.027147,-0.022935,-0.022502
-0.0083118,-0.0075659,-0.001287,0.0022559,-0.0032663,0.004179,0.00278
-0.01038,-0.013146,-0.0060051,-0.012245,-0.012408,-0.010706,-0.018697
-0.0039603,-0.01619,-0.0044623,-0.012149,-0.018257,-0.0076785,-0.013712
-0.012751,-0.011226,-0.020272,-0.014714,-0.010783,-0.0093916,-0.019848
-0.017944,-0.020938,-0.023034,-0.020206,-0.017466,-0.02557,-0.022926
-0.022246,-0.019757,-0.026771,-0.027201,-0.022843,-0.017261,-0.015567
-0.014054,-0.023349,-0.020229,-0.029739,-0.027391,-0.023285,-0.02307
-0.018469,-0.01379,-0.0080997,-0.0054111,-0.009729,-0.0065421,0.0025745
-0.020722,-0.021057,-0.027611,-0.030354,-0.035264,-0.021364,-0.025019
-0.0072586,-0.010982,-0.0010434,-0.0061827,0.0010255,0.0032597,0.00096357
-0.029794,-0.026129,-0.030376,-0.033291,-0.035742,-0.027719,-0.023445
-0.012747,-0.011526,-0.012992,-0.0083005,-0.011004,-0.0054298,-0.011428
-0.014784,-0.01257,-0.011027,-0.0068852,-0.0094387,-0.0091824,-0.010192
0.027838,0.002481,0.012014,0.0072977,0.006525,0.017263,0.004664
-0.002057,-0.0075705,-0.005101,-0.010719,-0.0044869,0.0066717,-0.0066097
0.005279,-0.010316,-0.0034936,-0.0084862,-0.0085637,-0.00080832,-0.0080823
-0.01289,-0.013056,-0.016682,-0.014296,-0.0084365,-0.0087634,-0.0016221
-0.010926,-0.0098101,-0.0097625,-0.011119,-0.01108,-0.013219,-0.013041
-0.009261,-0.011952,-0.0058456,-0.0074392,-0.0061397,-0.00048641,-0.0040657
-0.0075386,-0.010688,-0.0085448,-0.0066725,-0.0071622,-0.0013427,-0.0083514
-0.0014983,-0.0080686,-0.015286,-0.014352,-0.020641,-0.0042753,-0.012989
0.0038232,0.00028334,-0.0045083,-0.00035958,-0.00079799,0.0022359,-0.00025528
-0.0098028,-0.0070495,-0.011556,-0.0069937,-0.006712,-0.011419,-0.0076025
-0.0024222,-0.0046449,-0.0069993,-0.011475,-0.0065032,0.0024262,0.0018744
-0.0046693,-0.0069988,-0.013298,-0.010782,-0.0096481,-0.00051914,-0.0079305
-0.0047123,-0.0086415,-0.0063848,-0.0035767,-0.0056817,-0.0032746,-0.0058427
-0.010223,-0.0094422,-0.0098801,-0.0013671,-0.006921,-0.00028012,0.00025042
-0.014658,-0.0082201,-0.014192,-0.0081335,-0.010979,-0.0075886,-0.0098619
-0.016679,-0.0066604,-0.011812,-0.0059986,-0.010768,-0.0049484,-0.00064739
0.00049881,0.0026764,-0.00079451,0.0061038,0.0010816,0.00089188,0.0074718
-0.010843,-0.0076933,-0.0044118,-0.0048301,-0.007458,-0.0012672,9.9035e-05
-0.011368,-0.012877,-0.018445,-0.01296,-0.011892,-0.0072438,-0.012251
-0.032571,-0.024939,-0.02972,-0.027227,-0.035894,-0.027572,-0.038046
-0.033826,-0.030451,-0.036727,-0.032094,-0.0386,-0.033927,-0.039208
-0.025645,-0.015982,-0.021771,-0.022647,-0.027582,-0.023956,-0.022631
-0.0047963,-0.0066897,0.00035664,0.001031,-0.00056876,0.0077894,0.0016313
-0.00506,-0.0082504,-0.0070669,-0.016473,-0.011846,0.0029306,-0.011029
0.053337,0.067874,0.051522,0.051323,0.051488,0.036793,0.03165
0.080677,0.088259,0.085062,0.089147,0.075649,0.075891,0.05494
0.10507,0.11297,0.1044,0.10677,0.087299,0.090004,0.072288
0.1119,0.118,0.11733,0.12616,0.10595,0.10011,0.081888
0.097686,0.097701,0.087081,0.090842,0.0869,0.08243,0.077023
0.11436,0.11179,0.093764,0.097223,0.10647,0.090105,0.08525
0.10892,0.10868,0.092488,0.097536,0.10232,0.087162,0.083456
0.028319,0.026724,0.027234,0.035626,0.042819,0.031476,0.016321
0.012903,0.027626,0.023649,0.02361,0.035615,0.014534,0.013071
-0.041596,-0.044685,-0.040497,-0.038609,-0.041157,-0.040422,-0.022135
-0.063131,-0.060531,-0.058656,-0.060783,-0.053263,-0.051851,-0.036083
-0.017824,-0.015886,-0.013102,-0.013955,-0.012051,-0.013586,-0.0041685
0.0010427,0.010198,0.0084509,0.0064754,0.0052624,0.016259,0.013867
-0.012088,-0.015566,-0.0016966,-0.0032988,0.007929,-0.011636,0.0097657
-0.018674,-0.013667,-0.0099097,-0.0071075,-0.01154,-0.014446,-0.0047279
-0.0042515,-0.013632,-0.010582,-0.0090809,-0.0081254,-0.004298,-0.016921
-0.020644,-0.019583,-0.023244,-0.026525,-0.023629,-0.023784,-0.022371
-0.0012542,-0.0057833,-0.00032294,0.0069418,-0.0010554,0.0068826,-0.0059988
-0.010478,-0.0023516,-0.0059065,-0.0051042,-0.0050383,0.0019021,-0.0030066
-0.0035605,-0.0010925,-0.010503,-0.0089327,-0.0039319,0.0020267,-0.0074371
-0.024025,-0.022746,-0.026625,-0.035664,-0.02279,-0.026953,-0.031755
0.141,0.13046,0.12565,0.13511,0.12258,0.11029,0.10372
-0.062191,-0.062631,-0.062581,-0.065723,-0.04583,-0.052117,-0.045073
-0.015139,-0.014283,-0.0017385,-0.0015904,-0.0025355,-0.011766,-0.0018407
-0.029427,-0.031075,-0.022133,-0.024956,-0.02792,-0.032161,-0.01986
0.00010132,0.016011,-0.0030344,0.01302,0.0025165,0.00018587,0.002087
-0.010938,0.0054979,-0.006896,-0.00080961,-4.1046e-05,0.0016938,-0.0048917
-0.043617,-0.031075,-0.038489,-0.034653,-0.041617,-0.046929,-0.045218
-0.025879,-0.0294,-0.027078,-0.023665,-0.017453,-0.027107,-0.01874
-0.021444,-0.020728,-0.021162,-0.022304,-0.02101,-0.018938,-0.019857
-0.040697,-0.043597,-0.045534,-0.043998,-0.04338,-0.035079,-0.025752
-0.046953,-0.042481,-0.046653,-0.051976,-0.045805,-0.047968,-0.031947
-0.026727,-0.015568,-0.017652,-0.014258,-0.010621,-0.016403,-0.0058074
-0.027289,-0.026789,-0.032764,-0.033413,-0.034403,-0.031735,-0.025502
-0.062677,-0.06003,-0.063002,-0.065548,-0.065454,-0.063354,-0.058403
-0.0009699,0.0011668,0.0062113,0.008496,0.0035189,0.010479,0.007216
-0.0019641,0.0012167,0.0014346,0.0067214,0.0024375,0.0083472,0.0016784
0.044532,0.036452,0.030814,0.04189,0.04138,0.036906,0.040486
-0.0084739,-0.0026362,-0.0067748,-0.0047843,0.0031481,-0.0079864,-0.00081669
-0.012632,-0.0087108,8.1529e-05,-0.00011673,0.0018054,-0.0090809,-0.0034523
-0.021397,-0.013739,-0.0044633,-0.0028835,-0.0024278,-0.014923,-0.0055409
-0.030571,-0.032181,-0.019421,-0.024664,-0.023568,-0.027333,-0.021461
-0.030723,-0.031569,-0.014928,-0.020539,-0.022372,-0.030817,-0.01949
0.0026158,0.0051133,-0.0018474,0.0077277,0.0046487,0.00101,0.0035261
-0.0023357,-0.010541,0.001584,-0.0023961,-0.0051262,0.0023187,-0.0038608
-0.0036739,-0.0079652,0.0077272,0.00039117,0.00018453,0.0028013,0.0050754
-0.076731,-0.073384,-0.071437,-0.075865,-0.072185,-0.072581,-0.066665
0.044745,0.036408,0.038652,0.051631,0.039391,0.039625,0.034615
-0.014029,-0.0054885,-0.0009941,-0.0041924,0.00021804,-0.011185,-0.004404
-0.011236,-0.0076597,0.0038715,-0.0026448,0.0056516,-0.013645,0.0022062
-0.060223,-0.060636,-0.060986,-0.064536,-0.057273,-0.049434,-0.043513
-0.017269,-0.018102,-0.021476,-0.022651,-0.020091,-0.011644,-0.015059
-0.024088,-0.015851,-0.013269,-0.015034,-0.0079159,-0.013715,-0.0059979
-0.022369,-0.013679,-0.020865,-0.024701,-0.025589,-0.020724,-0.030633
-0.050004,-0.045015,-0.051722,-0.048775,-0.051649,-0.049296,-0.048981
0.12478,0.11613,0.11713,0.12518,0.11427,0.10602,0.095372
-0.040683,-0.038195,-0.039344,-0.034519,-0.034537,-0.037385,-0.028288
-0.0040157,-0.0083173,0.006335,-0.0050815,-0.00038643,0.0075381,0.0038121
-0.0017214,-0.0057986,0.00048213,0.0051931,0.00037091,0.0092699,-0.00088113
-0.040277,-0.030835,-0.031794,-0.034167,-0.035847,-0.031491,-0.02498
-0.02133,-0.022337,-0.021689,-0.020849,-0.019293,-0.021663,-0.018319
-0.019215,-0.01273,-0.013364,-0.014549,-0.005831,-0.018659,-0.0081374
0.0006502,-0.010533,-0.0018134,-0.0049405,-0.006728,-0.0053272,-0.0026206
-0.025965,-0.029874,-0.032453,-0.031759,-0.034573,-0.031668,-0.02916
0.026744,0.027545,0.015718,0.027194,0.021297,0.015344,0.020899
-0.076115,-0.073957,-0.072765,-0.073203,-0.063329,-0.061424,-0.055673
0.12493,0.11823,0.11687,0.1278,0.10797,0.098496,0.08352
-0.044223,-0.044782,-0.045502,-0.046152,-0.041193,-0.048403,-0.03279
-0.072585,-0.073353,-0.071892,-0.073188,-0.06973,-0.061683,-0.059064
-0.0108,-0.007132,-0.0058562,-0.0082555,-0.0097509,-0.0043918,-0.0053911
0.11865,0.11622,0.10388,0.11074,0.10432,0.098037,0.09033
0.00027241,0.0067718,0.0054253,0.0067757,-7.0605e-05,0.014242,0.0047124
0.13361,0.12441,0.1209,0.13486,0.10975,0.10079,0.086623
-0.0088118,-0.0025288,-0.0055888,-0.0012289,0.0014837,-0.0064828,-0.00583
-0.015633,-0.0094614,-0.015464,-0.012979,-0.0013257,-0.013357,-0.015553
-0.0093617,-0.011711,-0.020708,-0.023029,-0.019076,-0.013719,-0.012602
-0.0043102,-0.001048,-0.0039578,0.001874,0.00060872,0.0030872,0.0029386
0.053802,0.062278,0.056994,0.072838,0.06568,0.041377,0.030336
-0.0043317,-0.0032273,-0.0038287,-0.00544,-0.00732,0.0034044,0.0035398
-0.015888,-0.001254,-0.0010042,-0.0059173,0.0053412,0.00097263,0.0041227
0.032227,0.036898,0.033241,0.035085,0.040242,0.025743,0.026651
-0.027621,-0.028297,-0.024706,-0.024665,-0.024066,-0.031731,-0.024564
0.0067551,0.0037625,0.0034291,0.01195,0.0042566,0.014133,0.009948
0.028826,0.025208,0.03773,0.031597,0.036515,0.028222,0.025759
-0.021841,-0.026605,-0.029195,-0.025063,-0.030572,-0.027829,-0.032282
-0.052257,-0.053676,-0.054831,-0.064298,-0.055154,-0.04566,-0.047735
-0.011636,-0.0084563,-0.0094475,-0.010614,-0.01107,-0.0061165,-0.0097994
-0.0058805,-0.012103,-0.0038581,-0.0077214,-0.01181,-5.0288e-05,0.0021301
-0.043672,-0.043238,-0.044629,-0.054242,-0.046611,-0.041435,-0.041846
-0.031768,-0.023782,-0.025621,-0.030036,-0.021882,-0.020796,-0.026344
0.010887,0.015785,0.020055,0.022749,0.012843,0.012253,0.0068385
-0.0032609,-0.0059966,0.0032828,0.0097121,0.0060539,0.011737,0.0068129
-0.0031649,-0.007821,0.0021918,-0.0020386,0.0044654,0.00069298,-0.0094551
-0.02549,-0.020517,-0.02998,-0.029418,-0.025125,-0.024192,-0.030805
-0.018913,-0.018473,-0.022526,-0.029182,-0.017416,-0.0079192,-0.018379
0.016757,0.015928,0.01567,0.015951,0.018078,0.018677,0.019999
-0.036906,-0.029717,-0.036086,-0.038965,-0.036747,-0.036448,-0.037641
-0.014759,-0.021742,-0.013049,-0.019151,-0.018669,-0.0065515,-0.01143
-0.071671,-0.071976,-0.066927,-0.074497,-0.071949,-0.060563,-0.059886
0.021702,0.013331,0.0073661,0.014269,0.0052181,0.017167,0.0045778
-0.029886,-0.036098,-0.029911,-0.033363,-0.029454,-0.033899,-0.029247
-0.073831,-0.069694,-0.063934,-0.072265,-0.068692,-0.059601,-0.061298
-0.0088776,-0.0065306,-0.016042,-0.012906,-0.015387,-0.0086028,-0.016625
-0.0066726,-0.0026434,-0.0014011,0.0029882,0.0019538,-0.0083533,-0.0040183
-0.019019,-0.010603,-0.017481,-0.020678,-0.011451,-0.020439,-0.010651
-0.042614,-0.041461,-0.044719,-0.050621,-0.047354,-0.050221,-0.039912
-0.035285,-0.038494,-0.035028,-0.044372,-0.03761,-0.044602,-0.036377
-0.032443,-0.032431,-0.03338,-0.03293,-0.030118,-0.035364,-0.035881
-0.026075,-0.025259,-0.02433,-0.02456,-0.026063,-0.029208,-0.025686
-0.014149,-0.018389,-0.015736,-0.013528,-0.020224,-0.0074347,-0.0031255
-0.07148,-0.070393,-0.061596,-0.067746,-0.06083,-0.063687,-0.057314
-0.017368,-0.016955,-0.01654,-0.024582,-0.015047,-0.012405,-0.011998
-0.052287,-0.048581,-0.037141,-0.037806,-0.040069,-0.043003,-0.02555
-0.025892,-0.025159,-0.0095826,-0.016705,-0.027325,-0.021873,-0.013607
-0.037872,-0.036086,-0.034297,-0.046411,-0.034915,-0.035316,-0.029007
-0.044323,-0.051685,-0.041709,-0.053703,-0.048897,-0.042561,-0.038772
-0.049897,-0.057133,-0.049209,-0.058168,-0.052265,-0.055199,-0.045525
-0.06815,-0.067973,-0.05868,-0.062706,-0.061156,-0.064525,-0.053283
-0.060088,-0.057654,-0.05007,-0.05212,-0.050086,-0.055971,-0.041529
0.043748,0.03994,0.053334,0.058869,0.052069,0.044825,0.041145
-0.06542,-0.069682,-0.063519,-0.070592,-0.067393,-0.066024,-0.057958
-0.039699,-0.039324,-0.03757,-0.047162,-0.043408,-0.037312,-0.032535
-0.037946,-0.035698,-0.040138,-0.045427,-0.042363,-0.034214,-0.038633
0.080742,0.088674,0.084034,0.075909,0.076928,0.053224,0.053321
-0.0253,-0.012654,-0.016199,-0.027128,-0.025956,-0.018339,-0.024981
-0.030391,-0.031457,-0.029156,-0.037272,-0.027269,-0.028194,-0.023654
-0.017907,-0.014393,-0.018246,-0.011098,-0.02034,-0.015045,-0.018797
-0.022077,-0.015176,-0.015646,-0.018778,-0.020479,-0.016199,-0.024567
-0.010091,-0.013117,-0.012348,-0.010526,-0.0091345,-0.0062692,-0.013817
-0.030633,-0.037759,-0.030101,-0.03422,-0.041459,-0.037587,-0.032519
-0.039917,-0.0405,-0.036979,-0.046573,-0.047135,-0.039809,-0.031389
-0.04981,-0.047869,-0.052431,-0.05391,-0.057776,-0.053035,-0.04881
0.1221,0.12306,0.10859,0.12196,0.10189,0.090392,0.075408
0.069509,0.07738,0.06774,0.057222,0.062903,0.054684,0.046708
0.11593,0.11495,0.10155,0.10733,0.092883,0.086796,0.067992
-0.017663,-0.022042,-0.026608,-0.032159,-0.030184,-0.031998,-0.023888
0.099453,0.095911,0.081202,0.080822,0.081138,0.07468,0.067893
0.076613,0.082225,0.061549,0.05948,0.059827,0.044013,0.03609
0.094466,0.087135,0.094262,0.073634,0.08193,0.083306,0.066841
-0.011102,-0.0046109,-0.008243,-0.0059242,-0.0036487,-0.006221,-0.007024
-0.014771,-0.014419,-0.013935,-0.01951,-0.010742,-0.0093693,-0.014351
0.084455,0.088653,0.077974,0.065347,0.072643,0.062404,0.055449
0.092439,0.091367,0.087737,0.074797,0.084873,0.076004,0.069271
-0.0091502,-0.0085197,-0.0068319,-0.0080565,-0.0032115,-0.0010321,-0.0049444
-0.0016547,-0.0043099,-0.00067053,-0.0011162,-0.0027829,0.0048788,-0.0056211
-0.010152,-0.0028703,-0.0058226,-0.0056504,-0.0049503,-0.0014016,-0.0013271
-0.003573,-0.00040209,-0.0015787,0.0029544,0.0047611,0.0064728,0.0032874
-0.021229,-0.020403,-0.017736,-0.030414,-0.013406,-0.018251,-0.013883
-0.022134,-0.022676,-0.02576,-0.022194,-0.020291,-0.019793,-0.023054
0.0027296,-0.0007753,0.0035191,0.0098406,0.0080631,0.013494,0.0014874
-0.012833,-0.011261,-0.0098647,-0.011766,-0.0052598,-0.0060751,-0.0093467
-0.010442,-0.0026939,-0.0094503,-0.0091737,-0.002146,-0.0048936,-0.0022492
-0.0092764,-0.010626,-0.0056803,-0.010351,-0.0057914,-0.0069623,-0.0083391
-0.015315,-0.0083672,-0.012119,-0.016578,-0.0093404,-0.019475,-0.0092827
-0.015425,-0.012905,-0.012863,-0.014428,-0.0074029,-0.013959,-0.011711
-0.024098,-0.025591,-0.027613,-0.027452,-0.02639,-0.023425,-0.028579
-0.017238,-0.019413,-0.021152,-0.022497,-0.02167,-0.012213,-0.016831
-0.013102,-0.014257,-0.015324,-0.015527,-0.0077408,-0.010093,-0.010934
-0.018323,-0.016894,-0.020729,-0.021995,-0.020629,-0.019359,-0.019873
-0.021522,-0.018769,-0.020807,-0.023821,-0.01397,-0.012275,-0.018903
-0.031055,-0.030568,-0.029365,-0.038743,-0.022445,-0.030872,-0.025889
-0.021422,-0.017225,-0.013599,-0.011365,-0.010903,-0.010763,-0.010989
-0.017278,-0.017118,-0.013159,-0.016183,-0.011956,-0.0078181,-0.01271
-0.014681,-0.012463,-0.010715,-0.011485,-0.010616,-0.0059012,-0.0073623
-0.010379,-0.014302,-0.01026,-0.010182,-0.0083339,-0.0086461,-0.0091538
